"","V1","V2","V3","V4","V5","V6","V7","V8","V9","V10","V11","V12","V13","V14","V15","V16","V17","V18","V19","V20","V21","V22","V23","V24","V25","V26","V27","V28","V29","V30","V31","V32","V33","V34","V35","V36","V37","V38","V39","V40","V41","V42","V43","V44","V45","V46","V47","V48","V49","V50","V51","V52","V53","V54","V55","V56","V57","V58","V59","V60","V61","V62","V63"
"1",1,0.222910216718266,0.478056426332288,0.231496062992126,0.0161290322580645,0.173643410852713,0.411858974358974,0.116057233704293,0.248811410459588,0.249240121580547,0.495176848874598,0.0161290322580645,0.492822966507177,0.137987012987013,0.00320512820512821,0.0838607594936709,0,0.00323624595469256,0.568181818181818,0.533965244865719,0.0143540669856459,0.0078003120124805,0.096,0.0111287758346582,0.0176,0.00318471337579618,0.00163398692810458,0.442218798151002,0.477124183006536,0.466019417475728,0,0.284345047923323,0.210776545166403,0.590460526315789,0.0115511551155116,0.181076672104405,0.118012422360248,0.434915773353752,0.507246376811594,0.900316455696203,0.00964630225080386,0.00966183574879227,0.179365079365079,0.102893890675241,0.287581699346405,0.00312989045383412,0.00966183574879227,0.00323624595469256,0.280701754385965,0.213333333333333,0.17156862745098,0.129032258064516,0.00324675324675325,0.188854489164087,0.00314465408805031,0.00821018062397373,0.317034700315457,0.523125996810207,0.00329489291598023,0.144859813084112,0.00312989045383412,0.00782472613458529,0.00326797385620915
"2",0.222910216718266,1,0.365325077399381,0,0.52132701421801,0.133333333333333,0.380503144654088,0.0809968847352025,0.198449612403101,0,0.294585987261146,0.536163522012579,0.350710900473934,0.120717781402936,0,0.336507936507937,0.0108359133126935,0,0.339144215530903,0.342229199372057,0.023696682464455,0.5,0.579454253611557,0.504746835443038,0.0422535211267606,0.318910256410256,0.0366826156299841,0.195419847328244,0.3584,0.0652866242038217,0,0.207006369426752,0.945736434108527,0.465798045602606,0.483037156704362,0.148450244698206,0.0900621118012422,0.376722817764165,0.369255150554675,0.157728706624606,0.102201257861635,0,0.143759873617694,0.0946166394779772,0.189490445859873,0,0,0,0.20414673046252,0.154723127035831,0.150159744408946,0.0878594249201278,0.190779014308426,0.138413685847589,0,0,0.031055900621118,0.351181102362205,0.0207336523125997,0.158950617283951,0,0,0
"3",0.478056426332288,0.365325077399381,1,0.00316957210776545,0.087719298245614,0.00465116279069767,0.982428115015974,0,0.0449612403100775,0.0045045045045045,0.941823899371069,0.0867507886435331,0.975155279503106,0.00321027287319422,0,0.194053208137715,0,0,0.885220125786163,0.937597503900156,0,0.0476923076923077,0.210691823899371,0.0707692307692308,0,0.0345911949685535,0,0.215477996965099,1,0.0369181380417336,0,0.12779552715655,0.441823899371069,0.667207792207792,0.0641025641025641,0.00493421052631579,0,0.966514459665145,0.906940063091483,0.523510971786834,0.0394321766561514,0,0.00626959247648903,0,0.0814696485623003,0,0,0,0.0800627943485086,0.0146579804560261,0.00637958532695375,0,0.00161550888529887,0.00464396284829721,0,0,0.00153374233128834,0.848531684698609,0,0.212538226299694,0,0,0
"4",0.231496062992126,0,0.00316957210776545,1,0,0.170846394984326,0.00650406504065041,0.288244766505636,0.0950155763239875,1,0.00809061488673139,0,0.00956937799043062,0.106844741235392,0.187296416938111,0,0.0488958990536278,0.295379537953795,0.00162074554294976,0.00647249190938511,0.125816993464052,0,0,0,0.110223642172524,0.00319488817891374,0.0740131578947368,0.0705329153605016,0.00492610837438424,0.747967479674797,0.185897435897436,0.0802568218298555,0,0.0200333889816361,0,0.141903171953255,0.2660406885759,0.00925925925925926,0,0.277955271565495,0.0509554140127389,0.410339256865913,0.144246353322528,0.265676567656766,0.085667215815486,0.207936507936508,0.30794701986755,0.183144246353323,0.0670926517571885,0.105704697986577,0.141693811074919,0.283171521035599,0.0245499181669394,0.123595505617978,0.179080824088748,0.393220338983051,0.861154446177847,0.0438311688311688,0.119547657512116,0.0365079365079365,0.359677419354839,0.320634920634921,0.201331114808652
"5",0.0161290322580645,0.52132701421801,0.087719298245614,0,1,0,0.147909967845659,0,0,0,0.0932475884244373,1,0.067524115755627,0,0,0.72508038585209,0.0499219968798752,0,0.0715447154471545,0.0781499202551834,0.268412438625205,1,0.797101449275362,1,0.280952380952381,0.898387096774194,0.262103505843072,0,0.0904605263157895,0,0,0.00161030595813205,0.457654723127036,0.0437710437710438,1,0,0,0.0815384615384615,0.0813397129186603,0.0806451612903226,0.466988727858293,0,0,0,0,0,0,0,0,0,0,0,0.445705024311183,0,0,0,0,0.179321486268174,0.107667210440457,0.469578783151326,0,0,0
"6",0.173643410852713,0.133333333333333,0.00465116279069767,0.170846394984326,0,1,0.00619195046439629,0.829420970266041,0.865203761755486,0.220740740740741,0.0031496062992126,0,0.00783699059561128,0.951690821256039,0,0,0,0.0157977883096366,0.0047244094488189,0.0046583850931677,0,0,0,0,0,0,0,0.650914634146341,0.00319488817891374,0.300955414012739,0,0.791601866251944,0.111627906976744,0.1957928802589,0,0.954471544715447,0.82398753894081,0.00454545454545455,0.0031496062992126,0.043613707165109,0,0.0303030303030303,0.960629921259842,0.814696485623003,0.815580286168522,0,0.00324149108589951,0,0.8032,0.931596091205212,0.968454258675079,0.8064,0,0.984662576687117,0,0.0213114754098361,0.256965944272446,0.0127186009538951,0,0,0.0188383045525903,0.0109204368174727,0
"7",0.411858974358974,0.380503144654088,0.982428115015974,0.00650406504065041,0.147909967845659,0.00619195046439629,1,0.00157728706624606,0.053125,0.0104947526236882,0.88783570300158,0.146964856230032,0.923676012461059,0.00486223662884927,0,0.192248062015504,0,0,0.839116719242902,0.874015748031496,0,0.104037267080745,0.211783439490446,0.123613312202853,0,0.0907643312101911,0,0.223926380368098,0.936065573770492,0.0372771474878444,0,0.121212121212121,0.459968602825746,0.641233766233766,0.121311475409836,0.00661157024793388,0.00157728706624606,0.915151515151515,0.852327447833066,0.44811320754717,0.0699523052464229,0,0.00628930817610063,0.00162866449511401,0.0822784810126582,0,0,0,0.0858034321372855,0.0214168039538715,0.00645161290322581,0.00160771704180064,0.0126782884310618,0.00791139240506329,0,0,0.0031104199066874,0.89776357827476,0,0.229067930489731,0,0,0
"8",0.116057233704293,0.0809968847352025,0,0.288244766505636,0,0.829420970266041,0.00157728706624606,1,0.67601246105919,0.329428989751098,0,0,0.00158478605388273,0.930645161290323,0.0112540192926045,0,0.00614439324116743,0.138147566718995,0,0,0,0,0,0,0,0,0,0.512937595129376,0,0.337539432176656,0.00622083981337481,0.614533965244866,0.0690737833594976,0.137987012987013,0,0.775747508305648,1,0.00153139356814701,0,0.0159235668789809,0,0.156549520766773,0.788461538461538,1,0.643086816720257,0.0142630744849445,0.0306946688206785,0.008,0.621664050235479,0.747967479674797,0.784469096671949,1,0,0.769230769230769,0.00467289719626168,0.141914191419142,0.359447004608295,0.00316455696202532,0.00324675324675325,0,0.123222748815166,0.0768025078369906,0.00981996726677578
"9",0.248811410459588,0.198449612403101,0.0449612403100775,0.0950155763239875,0,0.865203761755486,0.053125,0.67601246105919,1,0.129850746268657,0.0328638497652582,0,0.0358255451713396,0.862903225806452,0,0,0,0,0.0838607594936709,0.0451010886469673,0,0,0.00477707006369427,0,0,0,0,0.802450229709035,0.0496794871794872,0.270735524256651,0,0.937699680511182,0.179407176287051,0.324281150159744,0,0.900489396411093,0.714939024390244,0.00309597523219814,0.0753205128205128,0.0875,0,0.00159489633173844,0.905956112852665,0.685847589424572,0.979462875197472,0,0,0,1,0.972131147540984,0.89968152866242,0.665615141955836,0.0016,0.9265625,0,0,0.191717791411043,0.0699523052464229,0,0,0,0,0
"10",0.249240121580547,0,0.0045045045045045,1,0,0.220740740740741,0.0104947526236882,0.329428989751098,0.129850746268657,1,0.0120481927710843,0,0.0104011887072808,0.153846153846154,0.16566265060241,0,0.0382352941176471,0.254545454545455,0.00301659125188537,0.00907715582450832,0.112977099236641,0,0,0,0.102526002971768,0.00297176820208024,0.0581929555895865,0.107714701601164,0.00606980273141123,0.752279635258359,0.183734939759036,0.122571001494768,0,0.0277349768875193,0,0.192546583850932,0.292719167904903,0.0115273775216138,0.00151285930408472,0.292537313432836,0.0488888888888889,0.362818590704648,0.193740685543964,0.298165137614679,0.131221719457014,0.169415292353823,0.175572519083969,0.164156626506024,0.10762331838565,0.152173913043478,0.194486983154671,0.312217194570136,0.0212765957446809,0.183161004431315,0.160530191458027,0.3390625,0.861313868613139,0.0528700906344411,0.100154083204931,0.0381791483113069,0.326440177252585,0.26865671641791,0.180834621329212
"11",0.495176848874598,0.294585987261146,0.941823899371069,0.00809061488673139,0.0932475884244373,0.0031496062992126,0.88783570300158,0,0.0328638497652582,0.0120481927710843,1,0.103937007874016,0.968253968253968,0.00163398692810458,0,0.208267090620032,0,0,0.906349206349206,0.988924050632911,0,0.0574534161490683,0.231259968102073,0.0871632329635499,0.0016,0.0508744038155803,0,0.236923076923077,0.949511400651466,0.0483870967741935,0,0.0967741935483871,0.381180223285486,0.643092105263158,0.0742574257425743,0.00496688741721854,0,0.978328173374613,0.904376012965964,0.54983922829582,0.0386473429951691,0,0.00315457413249211,0,0.0722135007849294,0,0,0,0.0645669291338583,0.0130293159609121,0.00162074554294976,0,0.00163132137030995,0.0031055900621118,0,0,0.0109375,0.78743961352657,0,0.227769110764431,0,0,0
"12",0.0161290322580645,0.536163522012579,0.0867507886435331,0,1,0,0.146964856230032,0,0,0,0.103937007874016,1,0.0738993710691824,0,0,0.745283018867924,0.0519877675840979,0,0.0775316455696203,0.0868878357030016,0.249602543720191,1,0.8234375,1,0.266244057052298,0.882165605095541,0.239482200647249,0,0.0936507936507937,0,0,0.0031496062992126,0.483568075117371,0.046474358974359,1,0,0,0.0875576036866359,0.0884244372990354,0.0770440251572327,0.430599369085173,0,0,0,0,0,0,0,0,0,0,0,0.421800947867299,0,0,0,0,0.182677165354331,0.105008077544426,0.441176470588235,0,0,0
"13",0.492822966507177,0.350710900473934,0.975155279503106,0.00956937799043062,0.067524115755627,0.00783699059561128,0.923676012461059,0.00158478605388273,0.0358255451713396,0.0104011887072808,0.968253968253968,0.0738993710691824,1,0.0048,0,0.173374613003096,0,0,0.89540412044374,0.967084639498433,0,0.0396341463414634,0.207395498392283,0.0608424336973479,0,0.0303030303030303,0,0.251524390243902,0.963141025641026,0.041335453100159,0,0.114420062695925,0.444094488188976,0.678513731825525,0.0499194847020934,0.00815660685154975,0.0015552099533437,1,0.909090909090909,0.510140405616225,0.0141287284144427,0,0.00788643533123028,0.0016025641025641,0.0771653543307087,0,0,0,0.0741324921135647,0.0198347107438017,0.00802568218298555,0.00159744408945687,0,0.00772797527047913,0,0,0.00614439324116743,0.784929356357928,0,0.173643410852713,0,0,0
"14",0.137987012987013,0.120717781402936,0.00321027287319422,0.106844741235392,0,0.951690821256039,0.00486223662884927,0.930645161290323,0.862903225806452,0.153846153846154,0.00163398692810458,0,0.0048,1,0.00330578512396694,0,0.00320512820512821,0.0396039603960396,0.00163934426229508,0.00163132137030995,0,0,0,0,0,0,0,0.653481012658228,0,0.19,0.00321543408360129,0.794069192751236,0.0983870967741935,0.189597315436242,0,0.943201376936317,0.940988835725678,0.0031201248049922,0.00164744645799012,0.0305466237942122,0,0.0466666666666667,0.947194719471947,0.947194719471947,0.82013201320132,0.00323624595469256,0.00836120401337793,0.0033167495854063,0.814262023217247,0.923076923076923,0.943333333333333,0.933333333333333,0,0.940322580645161,0.00316455696202532,0.0320404721753794,0.159744408945687,0.00654664484451719,0,0,0.0278688524590164,0.0229508196721311,0.00166944908180301
"15",0.00320512820512821,0,0,0.187296416938111,0,0,0,0.0112540192926045,0,0.16566265060241,0,0,0,0.00330578512396694,1,0.0315457413249211,0.786163522012579,0.872611464968153,0,0,0.494417862838915,0,0.00161550888529887,0,0.419354838709677,0.0239234449760766,0.52317880794702,0,0,0.0130081300813008,0.8125,0,0,0,0,0,0.00950871632329636,0.00154798761609907,0,0.00157728706624606,0.336492890995261,0.731391585760518,0,0.0130293159609121,0,0.988853503184713,0.90453074433657,1,0,0,0,0.011437908496732,0.341584158415842,0,1,0.760330578512397,0.0517241379310345,0,0.742998352553542,0.143081761006289,0.774038461538462,0.842607313195548,1
"16",0.0838607594936709,0.336507936507937,0.194053208137715,0,0.72508038585209,0,0.192248062015504,0,0,0,0.208267090620032,0.745283018867924,0.173374613003096,0,0.0315457413249211,1,0.13251155624037,0.00950871632329636,0.167721518987342,0.185243328100471,0.318681318681319,0.751926040061633,0.767885532591415,0.749611197511664,0.350467289719626,0.739811912225705,0.3344,0.0168711656441718,0.17515923566879,0,0.0805687203791469,0,0.351181102362205,0.10016155088853,0.740066225165563,0,0,0.196018376722818,0.175355450236967,0.143079315707621,0.610675039246468,0,0,0,0,0.0283464566929134,0.00806451612903226,0.0285714285714286,0,0,0,0,0.421216848673947,0,0.0353846153846154,0,0,0.197160883280757,0.186900958466454,0.734042553191489,0.0031055900621118,0.00311526479750779,0.0355411954765751
"17",0,0.0108359133126935,0,0.0488958990536278,0.0499219968798752,0,0,0.00614439324116743,0,0.0382352941176471,0,0.0519877675840979,0,0.00320512820512821,0.786163522012579,0.13251155624037,1,0.613564668769716,0,0,0.716535433070866,0.0576631259484067,0.0359375,0.0700934579439252,0.681181959564541,0.157051282051282,0.774603174603175,0,0,0,1,0,0.0015527950310559,0,0.0537459283387622,0,0.0062015503875969,0,0,0.00462962962962963,0.489859594383775,0.547021943573668,0,0.00807754442649435,0,0.791021671826625,0.700949367088608,0.757575757575758,0,0,0,0.00638977635782748,0.584518167456556,0,0.821263482280431,0.560581583198708,0.00768049155145929,0,0.809825673534073,0.305936073059361,0.601236476043277,0.649691358024691,0.79746835443038
"18",0.00323624595469256,0,0,0.295379537953795,0,0.0157977883096366,0,0.138147566718995,0,0.254545454545455,0,0,0,0.0396039603960396,0.872611464968153,0.00950871632329636,0.613564668769716,1,0,0,0.367834394904459,0,0,0,0.304552590266876,0,0.37156704361874,0,0,0.0818619582664527,0.669303797468354,0,0,0,0,0.00505050505050505,0.13258785942492,0.00154320987654321,0,0.00158478605388273,0.187800963081862,0.894230769230769,0.00631911532385466,0.150729335494327,0,0.867298578199052,0.834405144694534,0.813915857605178,0,0,0.00650406504065041,0.1456,0.239234449760766,0.00157977883096367,0.850699844479005,0.907284768211921,0.14622641509434,0,0.597682119205298,0.0478395061728395,0.9248,0.93217665615142,0.861386138613861
"19",0.568181818181818,0.339144215530903,0.885220125786163,0.00162074554294976,0.0715447154471545,0.0047244094488189,0.839116719242902,0,0.0838607594936709,0.00301659125188537,0.906349206349206,0.0775316455696203,0.89540412044374,0.00163934426229508,0,0.167721518987342,0,0,1,0.92879746835443,0.00158730158730159,0.049306625577812,0.192616372391653,0.0701754385964912,0.0016260162601626,0.0435483870967742,0,0.296583850931677,0.912828947368421,0.0434782608695652,0,0.150882825040128,0.411392405063291,0.857374392220421,0.0581583198707593,0.0133111480865225,0,0.862015503875969,1,0.617322834645669,0.0159744408945687,0,0.0111111111111111,0,0.116316639741519,0,0,0,0.115689381933439,0.0230642504118616,0.00816993464052288,0,0.00807754442649435,0.0062402496099844,0,0,0.00465116279069767,0.761980830670926,0,0.178963893249608,0,0,0
"20",0.533965244865719,0.342229199372057,0.937597503900156,0.00647249190938511,0.0781499202551834,0.0046583850931677,0.874015748031496,0,0.0451010886469673,0.00907715582450832,0.988924050632911,0.0868878357030016,0.967084639498433,0.00163132137030995,0,0.185243328100471,0,0,0.92879746835443,1,0,0.04858934169279,0.214849921011058,0.0708782742681048,0,0.042654028436019,0,0.282642089093702,0.949096880131363,0.0543130990415335,0,0.113057324840764,0.419254658385093,0.707317073170732,0.060655737704918,0.00814332247557003,0,0.962848297213622,0.919484702093398,0.549050632911392,0.024,0,0.00792393026941363,0,0.0878594249201278,0,0,0,0.080824088748019,0.0197044334975369,0.00488599348534202,0,0.00159489633173844,0.00469483568075117,0,0,0.0123076923076923,0.780645161290323,0,0.193498452012384,0,0,0
"21",0.0143540669856459,0.023696682464455,0,0.125816993464052,0.268412438625205,0,0,0,0,0.112977099236641,0,0.249602543720191,0,0,0.494417862838915,0.318681318681319,0.716535433070866,0.367834394904459,0.00158730158730159,0,1,0.27906976744186,0.2016,0.278301886792453,1,0.331168831168831,1,0,0,0.0504065040650407,0.63391442155309,0,0.00157232704402516,0.00165562913907285,0.2832,0,0,0,0.00162074554294976,0.0504731861198738,0.643879173290938,0.322475570032573,0,0,0,0.522012578616352,0.462932454695222,0.539473684210526,0,0,0,0,0.829032258064516,0,0.534591194968553,0.32436974789916,0.0677165354330709,0.012779552715655,0.687813021702838,0.470031545741325,0.345483359746434,0.375609756097561,0.518821603927987
"22",0.0078003120124805,0.5,0.0476923076923077,0,1,0,0.104037267080745,0,0,0,0.0574534161490683,1,0.0396341463414634,0,0,0.751926040061633,0.0576631259484067,0,0.049306625577812,0.04858934169279,0.27906976744186,1,0.778461538461538,1,0.293478260869565,0.913978494623656,0.273301737756714,0,0.0585443037974684,0,0.00770416024653313,0.00310077519379845,0.430793157076205,0.0317460317460317,1,0,0,0.0421686746987952,0.0614173228346457,0.0632716049382716,0.46177370030581,0,0,0,0,0,0,0,0,0,0,0,0.458135860979463,0,0,0,0,0.150621118012422,0.110932475884244,0.475894245723173,0,0,0
"23",0.096,0.579454253611557,0.210691823899371,0,0.797101449275362,0,0.211783439490446,0,0.00477707006369427,0,0.231259968102073,0.8234375,0.207395498392283,0,0.00161550888529887,0.767885532591415,0.0359375,0,0.192616372391653,0.214849921011058,0.2016,0.778461538461538,1,0.8,0.229559748427673,0.675762439807384,0.207516339869281,0.0368663594470046,0.187399030694669,0.0129659643435981,0.00474683544303797,0.00478468899521531,0.664566929133858,0.149350649350649,0.7893864013267,0,0,0.228043143297381,0.203821656050955,0.113385826771654,0.348101265822785,0,0,0,0.00961538461538462,0.00480769230769231,0.00162866449511401,0.0032258064516129,0.0110236220472441,0,0,0,0.389885807504078,0,0.00465116279069767,0,0.0109717868338558,0.223832528180354,0.0936995153473344,0.375776397515528,0,0,0.00327332242225859
"24",0.0111287758346582,0.504746835443038,0.0707692307692308,0,1,0,0.123613312202853,0,0,0,0.0871632329635499,1,0.0608424336973479,0,0,0.749611197511664,0.0700934579439252,0,0.0701754385964912,0.0708782742681048,0.278301886792453,1,0.8,1,0.303174603174603,0.914826498422713,0.281045751633987,0,0.0803858520900322,0,0.00791139240506329,0.00316455696202532,0.438679245283019,0.0434083601286174,1,0,0,0.0714285714285714,0.0794912559618442,0.0792393026941363,0.47275641025641,0,0,0,0,0,0,0,0,0,0,0,0.4672,0,0,0,0,0.159744408945687,0.114754098360656,0.48062015503876,0,0,0
"25",0.0176,0.0422535211267606,0,0.110223642172524,0.280952380952381,0,0,0,0,0.102526002971768,0.0016,0.266244057052298,0,0,0.419354838709677,0.350467289719626,0.681181959564541,0.304552590266876,0.0016260162601626,0,1,0.293478260869565,0.229559748427673,0.303174603174603,1,0.463141025641026,0.970588235294118,0,0,0.0502431118314425,0.593996840442338,0,0.00786163522012579,0.00159235668789809,0.295269168026101,0,0,0,0.00158982511923688,0.0595611285266458,0.677215189873418,0.264240506329114,0,0,0,0.443740095087163,0.391653290529695,0.46474358974359,0,0,0,0,0.945773524720893,0,0.471317829457364,0.270315091210614,0.0640625,0.0128,0.639741518578352,0.518575851393189,0.287284144427002,0.307931570762053,0.456869009584665
"26",0.00318471337579618,0.318910256410256,0.0345911949685535,0.00319488817891374,0.898387096774194,0,0.0907643312101911,0,0,0.00297176820208024,0.0508744038155803,0.882165605095541,0.0303030303030303,0,0.0239234449760766,0.739811912225705,0.157051282051282,0,0.0435483870967742,0.042654028436019,0.331168831168831,0.913978494623656,0.675762439807384,0.914826498422713,0.463141025641026,1,0.396039603960396,0,0.0387096774193548,0.00321543408360129,0.0753532182103611,0,0.218210361067504,0.0241935483870968,0.917898193760263,0,0,0.0389408099688473,0.0422764227642276,0.0652866242038217,0.624203821656051,0,0,0,0,0.0175438596491228,0.0160513643659711,0.0316455696202532,0,0,0,0,0.6064,0,0.0263975155279503,0,0.00316455696202532,0.1312,0.212765957446809,0.616588419405321,0,0,0.0213114754098361
"27",0.00163398692810458,0.0366826156299841,0,0.0740131578947368,0.262103505843072,0,0,0,0,0.0581929555895865,0,0.239482200647249,0,0,0.52317880794702,0.3344,0.774603174603175,0.37156704361874,0,0,1,0.273301737756714,0.207516339869281,0.281045751633987,0.970588235294118,0.396039603960396,1,0,0,0,0.67603305785124,0,0.00321027287319422,0,0.279932546374368,0,0,0,0,0.0314569536423841,0.706270627062706,0.31900826446281,0,0,0,0.546191247974068,0.458404074702886,0.559210526315789,0,0,0,0.00165289256198347,0.828099173553719,0,0.560386473429952,0.32590051457976,0.0096,0.00983606557377049,0.787269681742044,0.52741935483871,0.352941176470588,0.381410256410256,0.554054054054054
"28",0.442218798151002,0.195419847328244,0.215477996965099,0.0705329153605016,0,0.650914634146341,0.223926380368098,0.512937595129376,0.802450229709035,0.107714701601164,0.236923076923077,0,0.251524390243902,0.653481012658228,0,0.0168711656441718,0,0,0.296583850931677,0.282642089093702,0,0,0.0368663594470046,0,0,0,0,1,0.238993710691824,0.270998415213946,0,0.839874411302983,0.202472952086553,0.45583596214511,0,0.6912,0.537519142419602,0.171851851851852,0.258970358814353,0.1828125,0.00153846153846154,0.00464396284829721,0.677018633540373,0.520569620253165,0.864992150706436,0,0,0,0.840735068912711,0.762820512820513,0.687697160883281,0.514913657770801,0.00158227848101266,0.704718417047184,0,0,0.147192716236722,0.229329173166927,0,0.0275229357798165,0,0.0015220700152207,0
"29",0.477124183006536,0.3584,1,0.00492610837438424,0.0904605263157895,0.00319488817891374,0.936065573770492,0,0.0496794871794872,0.00606980273141123,0.949511400651466,0.0936507936507937,0.963141025641026,0,0,0.17515923566879,0,0,0.912828947368421,0.949096880131363,0,0.0585443037974684,0.187399030694669,0.0803858520900322,0,0.0387096774193548,0,0.238993710691824,1,0.0372771474878444,0,0.127035830618893,0.426731078904992,0.686046511627907,0.0687919463087248,0.00506756756756757,0,0.951104100946372,0.933441558441558,0.506349206349206,0.0333333333333333,0,0.0048780487804878,0,0.0873146622734761,0,0,0,0.0887096774193548,0.0151006711409396,0.00332778702163062,0,0.00324675324675325,0.00317460317460317,0,0,0.00158982511923688,0.862459546925566,0,0.195548489666137,0,0,0
"30",0.466019417475728,0.0652866242038217,0.0369181380417336,0.747967479674797,0,0.300955414012739,0.0372771474878444,0.337539432176656,0.270735524256651,0.752279635258359,0.0483870967741935,0,0.041335453100159,0.19,0.0130081300813008,0,0,0.0818619582664527,0.0434782608695652,0.0543130990415335,0.0504065040650407,0,0.0129659643435981,0,0.0502431118314425,0.00321543408360129,0,0.270998415213946,0.0372771474878444,1,0.0113268608414239,0.249594813614263,0.0551948051948052,0.109452736318408,0,0.289782244556114,0.33652312599681,0.0406885758998435,0.0422764227642276,0.355555555555556,0.0096,0.154838709677419,0.303225806451613,0.336038961038961,0.279483037156704,0.0191082802547771,0.0836065573770492,0.012987012987013,0.251980982567353,0.274706867671692,0.29042904290429,0.348949919224556,0.00969305331179321,0.29073482428115,0.00156985871271586,0.147840531561462,1,0.0796747967479675,0.00657894736842105,0.028391167192429,0.126602564102564,0.10062893081761,0.011686143572621
"31",0,0,0,0.185897435897436,0,0,0,0.00622083981337481,0,0.183734939759036,0,0,0,0.00321543408360129,0.8125,0.0805687203791469,1,0.669303797468354,0,0,0.63391442155309,0.00770416024653313,0.00474683544303797,0.00791139240506329,0.593996840442338,0.0753532182103611,0.67603305785124,0,0,0.0113268608414239,1,0,0,0,0.00809061488673139,0,0.00465116279069767,0,0,0.00782472613458529,0.425431711145997,0.664012738853503,0,0.00791139240506329,0,0.823255813953488,0.745253164556962,0.79073482428115,0,0,0,0.00646203554119548,0.448330683624801,0,0.829493087557604,0.677685950413223,0.0384615384615385,0,0.746388443017656,0.24251968503937,0.705329153605016,0.762870514820593,0.818476499189627
"32",0.284345047923323,0.207006369426752,0.12779552715655,0.0802568218298555,0.00161030595813205,0.791601866251944,0.121212121212121,0.614533965244866,0.937699680511182,0.122571001494768,0.0967741935483871,0.0031496062992126,0.114420062695925,0.794069192751236,0,0,0,0,0.150882825040128,0.113057324840764,0,0.00310077519379845,0.00478468899521531,0.00316455696202532,0,0,0,0.839874411302983,0.127035830618893,0.249594813614263,0,1,0.184126984126984,0.334405144694534,0.00327868852459016,0.846153846153846,0.653061224489796,0.0759878419452888,0.143089430894309,0.118110236220472,0,0,0.831715210355987,0.622549019607843,1,0,0,0,1,0.911764705882353,0.828711256117455,0.596434359805511,0.00158730158730159,0.865203761755486,0,0,0.168769716088328,0.161341853035144,0,0,0,0,0
"33",0.210776545166403,0.945736434108527,0.441823899371069,0,0.457654723127036,0.111627906976744,0.459968602825746,0.0690737833594976,0.179407176287051,0,0.381180223285486,0.483568075117371,0.444094488188976,0.0983870967741935,0,0.351181102362205,0.0015527950310559,0,0.411392405063291,0.419254658385093,0.00157232704402516,0.430793157076205,0.664566929133858,0.438679245283019,0.00786163522012579,0.218210361067504,0.00321027287319422,0.202472952086553,0.426731078904992,0.0551948051948052,0,0.184126984126984,1,0.432216905901116,0.437096774193548,0.121911037891269,0.0799373040752351,0.472307692307692,0.447619047619048,0.1171875,0.0937996820349762,0,0.120826709062003,0.0832,0.165605095541401,0,0,0,0.183673469387755,0.129032258064516,0.123176661264182,0.0766773162939297,0.152380952380952,0.11353032659409,0,0,0.0293663060278207,0.404458598726115,0.0016366612111293,0.16030534351145,0,0,0
"34",0.590460526315789,0.465798045602606,0.667207792207792,0.0200333889816361,0.0437710437710438,0.1957928802589,0.641233766233766,0.137987012987013,0.324281150159744,0.0277349768875193,0.643092105263158,0.046474358974359,0.678513731825525,0.189597315436242,0,0.10016155088853,0,0,0.857374392220421,0.707317073170732,0.00165562913907285,0.0317460317460317,0.149350649350649,0.0434083601286174,0.00159235668789809,0.0241935483870968,0,0.45583596214511,0.686046511627907,0.109452736318408,0,0.334405144694534,0.432216905901116,1,0.0450751252086811,0.220735785953177,0.150159744408946,0.631911532385466,0.850162866449511,0.559485530546624,0.00160513643659711,0,0.203915171288744,0.143801652892562,0.349258649093904,0,0,0,0.348387096774194,0.220538720538721,0.216171617161716,0.136212624584718,0.011400651465798,0.2048,0,0,0.045958795562599,0.620860927152318,0,0.1152,0,0,0
"35",0.0115511551155116,0.483037156704362,0.0641025641025641,0,1,0,0.121311475409836,0,0,0,0.0742574257425743,1,0.0499194847020934,0,0,0.740066225165563,0.0537459283387622,0,0.0581583198707593,0.060655737704918,0.2832,1,0.7893864013267,1,0.295269168026101,0.917898193760263,0.279932546374368,0,0.0687919463087248,0,0.00809061488673139,0.00327868852459016,0.437096774193548,0.0450751252086811,1,0,0,0.0631911532385466,0.0724876441515651,0.073051948051948,0.476422764227642,0,0,0,0,0,0,0,0,0,0,0,0.476666666666667,0,0,0,0,0.160330578512397,0.0988467874794069,0.485576923076923,0,0,0
"36",0.181076672104405,0.148450244698206,0.00493421052631579,0.141903171953255,0,0.954471544715447,0.00661157024793388,0.775747508305648,0.900489396411093,0.192546583850932,0.00496688741721854,0,0.00815660685154975,0.943201376936317,0,0,0,0.00505050505050505,0.0133111480865225,0.00814332247557003,0,0,0,0,0,0,0,0.6912,0.00506756756756757,0.289782244556114,0,0.846153846153846,0.121911037891269,0.220735785953177,0,1,0.774299835255354,0.00634920634920635,0.00675675675675676,0.0478547854785479,0,0.0165837479270315,1,0.780775716694772,0.867862969004894,0,0.00497512437810945,0,0.86547811993517,0.987993138936535,0.996615905245347,0.752508361204013,0,0.99837925445705,0,0.010016694490818,0.236628849270664,0.0165562913907285,0,0,0.0114942528735632,0.0032626427406199,0
"37",0.118012422360248,0.0900621118012422,0,0.2660406885759,0,0.82398753894081,0.00157728706624606,1,0.714939024390244,0.292719167904903,0,0,0.0015552099533437,0.940988835725678,0.00950871632329636,0,0.0062015503875969,0.13258785942492,0,0,0,0,0,0,0,0,0,0.537519142419602,0,0.33652312599681,0.00465116279069767,0.653061224489796,0.0799373040752351,0.150159744408946,0,0.774299835255354,1,0.00150375939849624,0,0.0156494522691706,0,0.149136577708006,0.789223454833597,1,0.694267515923567,0.0125195618153365,0.0332805071315372,0.00632911392405063,0.674454828660436,0.763754045307443,0.792663476874003,1,0,0.772797527047913,0.0046656298600311,0.136436597110754,0.345092024539877,0.0032,0.00161030595813205,0,0.119565217391304,0.0763239875389408,0.00805152979066022
"38",0.434915773353752,0.376722817764165,0.966514459665145,0.00925925925925926,0.0815384615384615,0.00454545454545455,0.915151515151515,0.00153139356814701,0.00309597523219814,0.0115273775216138,0.978328173374613,0.0875576036866359,1,0.0031201248049922,0.00154798761609907,0.196018376722818,0,0.00154320987654321,0.862015503875969,0.962848297213622,0,0.0421686746987952,0.228043143297381,0.0714285714285714,0,0.0389408099688473,0,0.171851851851852,0.951104100946372,0.0406885758998435,0,0.0759878419452888,0.472307692307692,0.631911532385466,0.0631911532385466,0.00634920634920635,0.00150375939849624,1,0.883540372670807,0.451761102603369,0.0442748091603053,0,0.00309597523219814,0.0015625,0.0280811232449298,0,0,0.00153846153846154,0.0380517503805175,0.00791139240506329,0.0031201248049922,0.0015625,0.0015552099533437,0.00452488687782805,0.00152671755725191,0,0.00910470409711684,0.776579352850539,0.00156985871271586,0.205397301349325,0,0,0
"39",0.507246376811594,0.369255150554675,0.906940063091483,0,0.0813397129186603,0.0031496062992126,0.852327447833066,0,0.0753205128205128,0.00151285930408472,0.904376012965964,0.0884244372990354,0.909090909090909,0.00164744645799012,0,0.175355450236967,0,0,1,0.919484702093398,0.00162074554294976,0.0614173228346457,0.203821656050955,0.0794912559618442,0.00158982511923688,0.0422764227642276,0,0.258970358814353,0.933441558441558,0.0422764227642276,0,0.143089430894309,0.447619047619048,0.850162866449511,0.0724876441515651,0.00675675675675676,0,0.883540372670807,1,0.559241706161137,0.0145631067961165,0,0.00648298217179903,0,0.103727714748784,0,0,0,0.109149277688604,0.0132013201320132,0.00651465798045603,0,0.0112540192926045,0.00317965023847377,0,0,0.00158478605388273,0.741626794258373,0,0.184952978056426,0,0,0
"40",0.900316455696203,0.157728706624606,0.523510971786834,0.277955271565495,0.0806451612903226,0.043613707165109,0.44811320754717,0.0159235668789809,0.0875,0.292537313432836,0.54983922829582,0.0770440251572327,0.510140405616225,0.0305466237942122,0.00157728706624606,0.143079315707621,0.00462962962962963,0.00158478605388273,0.617322834645669,0.549050632911392,0.0504731861198738,0.0632716049382716,0.113385826771654,0.0792393026941363,0.0595611285266458,0.0652866242038217,0.0314569536423841,0.1828125,0.506349206349206,0.355555555555556,0.00782472613458529,0.118110236220472,0.1171875,0.559485530546624,0.073051948051948,0.0478547854785479,0.0156494522691706,0.451761102603369,0.559241706161137,1,0.0378548895899054,0.00955414012738853,0.0523809523809524,0.003125,0.107544141252006,0.00156985871271586,0.008,0.00162074554294976,0.102523659305994,0.0643564356435644,0.0461049284578696,0.0176282051282051,0.0235478806907378,0.0393081761006289,0.00153374233128834,0.00981996726677578,0.34009360374415,0.584394904458599,0.0144694533762058,0.219325153374233,0.00476190476190476,0.00631911532385466,0.00161290322580645
"41",0.00964630225080386,0.102201257861635,0.0394321766561514,0.0509554140127389,0.466988727858293,0,0.0699523052464229,0,0,0.0488888888888889,0.0386473429951691,0.430599369085173,0.0141287284144427,0,0.336492890995261,0.610675039246468,0.489859594383775,0.187800963081862,0.0159744408945687,0.024,0.643879173290938,0.46177370030581,0.348101265822785,0.47275641025641,0.677215189873418,0.624203821656051,0.706270627062706,0.00153846153846154,0.0333333333333333,0.0096,0.425431711145997,0,0.0937996820349762,0.00160513643659711,0.476422764227642,0,0,0.0442748091603053,0.0145631067961165,0.0378548895899054,1,0.153354632587859,0,0,0,0.313880126182965,0.243548387096774,0.365539452495974,0,0,0,0,0.656451612903226,0,0.370716510903427,0.192495921696574,0.0186625194401244,0.0784,0.56260162601626,0.960876369327074,0.176751592356688,0.199680511182109,0.319148936170213
"42",0.00966183574879227,0,0,0.410339256865913,0,0.0303030303030303,0,0.156549520766773,0.00159489633173844,0.362818590704648,0,0,0,0.0466666666666667,0.731391585760518,0,0.547021943573668,0.894230769230769,0,0,0.322475570032573,0,0,0,0.264240506329114,0,0.31900826446281,0.00464396284829721,0,0.154838709677419,0.664012738853503,0,0,0,0,0.0165837479270315,0.149136577708006,0,0,0.00955414012738853,0.153354632587859,1,0.0143540669856459,0.148760330578512,0,0.763955342902711,0.760975609756098,0.747980613893376,0,0.00837520938023451,0.0211726384364821,0.165032679738562,0.199346405228758,0.0145161290322581,0.703937007874016,0.998293515358362,0.240126382306477,0,0.534539473684211,0.0386996904024768,0.993506493506494,0.995230524642289,0.729235880398671
"43",0.179365079365079,0.143759873617694,0.00626959247648903,0.144246353322528,0,0.960629921259842,0.00628930817610063,0.788461538461538,0.905956112852665,0.193740685543964,0.00315457413249211,0,0.00788643533123028,0.947194719471947,0,0,0,0.00631911532385466,0.0111111111111111,0.00792393026941363,0,0,0,0,0,0,0,0.677018633540373,0.0048780487804878,0.303225806451613,0,0.831715210355987,0.120826709062003,0.203915171288744,0,1,0.789223454833597,0.00309597523219814,0.00648298217179903,0.0523809523809524,0,0.0143540669856459,1,0.79902755267423,0.853462157809984,0,0.00321543408360129,0,0.85781990521327,0.970873786407767,1,0.774603174603175,0,0.993690851735016,0,0.00978792822185971,0.254290171606864,0.0144,0,0,0.00636942675159236,0.00157728706624606,0
"44",0.102893890675241,0.0946166394779772,0,0.265676567656766,0,0.814696485623003,0.00162866449511401,1,0.685847589424572,0.298165137614679,0,0,0.0016025641025641,0.947194719471947,0.0130293159609121,0,0.00807754442649435,0.150729335494327,0,0,0,0,0,0,0,0,0,0.520569620253165,0,0.336038961038961,0.00791139240506329,0.622549019607843,0.0832,0.143801652892562,0,0.780775716694772,1,0.0015625,0,0.003125,0,0.148760330578512,0.79902755267423,1,0.644951140065147,0.0160771704180064,0.033167495854063,0.00977198697068404,0.642394822006472,0.759259259259259,0.788778877887789,0.998360655737705,0,0.770096463022508,0.00646203554119548,0.138103161397671,0.343402225755167,0.00490196078431373,0.00327332242225859,0,0.127035830618893,0.072013093289689,0.00985221674876847
"45",0.287581699346405,0.189490445859873,0.0814696485623003,0.085667215815486,0,0.815580286168522,0.0822784810126582,0.643086816720257,0.979462875197472,0.131221719457014,0.0722135007849294,0,0.0771653543307087,0.82013201320132,0,0,0,0,0.116316639741519,0.0878594249201278,0,0,0.00961538461538462,0,0,0,0,0.864992150706436,0.0873146622734761,0.279483037156704,0,1,0.165605095541401,0.349258649093904,0,0.867862969004894,0.694267515923567,0.0280811232449298,0.103727714748784,0.107544141252006,0,0,0.853462157809984,0.644951140065147,1,0,0,0,1,0.951747088186356,0.856198347107438,0.624183006535948,0.00162866449511401,0.894321766561514,0,0,0.189274447949527,0.114192495921697,0,0,0,0,0
"46",0.00312989045383412,0,0,0.207936507936508,0,0,0,0.0142630744849445,0,0.169415292353823,0,0,0,0.00323624595469256,0.988853503184713,0.0283464566929134,0.791021671826625,0.867298578199052,0,0,0.522012578616352,0,0.00480769230769231,0,0.443740095087163,0.0175438596491228,0.546191247974068,0,0,0.0191082802547771,0.823255813953488,0,0,0,0,0,0.0125195618153365,0,0,0.00156985871271586,0.313880126182965,0.763955342902711,0,0.0160771704180064,0,1,0.910858995137763,0.985530546623794,0,0,0,0.0145161290322581,0.345104333868379,0,0.987654320987654,0.779967159277504,0.0577223088923557,0,0.770358306188925,0.124042879019908,0.811802232854864,0.8765625,1
"47",0.00966183574879227,0,0,0.30794701986755,0,0.00324149108589951,0,0.0306946688206785,0,0.175572519083969,0,0,0,0.00836120401337793,0.90453074433657,0.00806451612903226,0.700949367088608,0.834405144694534,0,0,0.462932454695222,0,0.00162866449511401,0,0.391653290529695,0.0160513643659711,0.458404074702886,0,0,0.0836065573770492,0.745253164556962,0,0,0,0,0.00497512437810945,0.0332805071315372,0,0,0.008,0.243548387096774,0.760975609756098,0.00321543408360129,0.033167495854063,0,0.910858995137763,1,0.914614121510673,0,0.00169779286926995,0.00165562913907285,0.0396694214876033,0.292207792207792,0.00323101777059774,0.89589905362776,0.810490693739425,0.14218009478673,0,0.705592105263158,0.0871632329635499,0.809677419354839,0.877388535031847,0.897478991596639
"48",0.00323624595469256,0,0,0.183144246353323,0,0,0,0.008,0,0.164156626506024,0,0,0,0.0033167495854063,1,0.0285714285714286,0.757575757575758,0.813915857605178,0,0,0.539473684210526,0,0.0032258064516129,0,0.46474358974359,0.0316455696202532,0.559210526315789,0,0,0.012987012987013,0.79073482428115,0,0,0,0,0,0.00632911392405063,0.00153846153846154,0,0.00162074554294976,0.365539452495974,0.747980613893376,0,0.00977198697068404,0,0.985530546623794,0.914614121510673,1,0,0,0,0.00815660685154975,0.386991869918699,0,1,0.769102990033223,0.0594679186228482,0,0.806873977086743,0.15541601255887,0.780254777070064,0.8528,1
"49",0.280701754385965,0.20414673046252,0.0800627943485086,0.0670926517571885,0,0.8032,0.0858034321372855,0.621664050235479,1,0.10762331838565,0.0645669291338583,0,0.0741324921135647,0.814262023217247,0,0,0,0,0.115689381933439,0.080824088748019,0,0,0.0110236220472441,0,0,0,0,0.840735068912711,0.0887096774193548,0.251980982567353,0,1,0.183673469387755,0.348387096774194,0,0.86547811993517,0.674454828660436,0.0380517503805175,0.109149277688604,0.102523659305994,0,0,0.85781990521327,0.642394822006472,1,0,0,0,1,0.957446808510638,0.85553772070626,0.612179487179487,0.00160513643659711,0.889408099688474,0,0,0.165615141955836,0.110754414125201,0,0,0,0,0
"50",0.213333333333333,0.154723127035831,0.0146579804560261,0.105704697986577,0,0.931596091205212,0.0214168039538715,0.747967479674797,0.972131147540984,0.152173913043478,0.0130293159609121,0,0.0198347107438017,0.923076923076923,0,0,0,0,0.0230642504118616,0.0197044334975369,0,0,0,0,0,0,0,0.762820512820513,0.0151006711409396,0.274706867671692,0,0.911764705882353,0.129032258064516,0.220538720538721,0,0.987993138936535,0.763754045307443,0.00791139240506329,0.0132013201320132,0.0643564356435644,0,0.00837520938023451,0.970873786407767,0.759259259259259,0.951747088186356,0,0.00169779286926995,0,0.957446808510638,1,0.963576158940397,0.724025974025974,0,0.987096774193548,0,0.00336134453781513,0.207936507936508,0.0364842454394693,0,0,0.00322061191626409,0,0
"51",0.17156862745098,0.150159744408946,0.00637958532695375,0.141693811074919,0,0.968454258675079,0.00645161290322581,0.784469096671949,0.89968152866242,0.194486983154671,0.00162074554294976,0,0.00802568218298555,0.943333333333333,0,0,0,0.00650406504065041,0.00816993464052288,0.00488599348534202,0,0,0,0,0,0,0,0.687697160883281,0.00332778702163062,0.29042904290429,0,0.828711256117455,0.123176661264182,0.216171617161716,0,0.996615905245347,0.792663476874003,0.0031201248049922,0.00651465798045603,0.0461049284578696,0,0.0211726384364821,1,0.788778877887789,0.856198347107438,0,0.00165562913907285,0,0.85553772070626,0.963576158940397,1,0.764705882352941,0,0.990445859872611,0,0.0136518771331058,0.245614035087719,0.0129659643435981,0,0,0.0112179487179487,0.00806451612903226,0
