"","V1","V2","V3","V4","V5","V6","V7","V8","V9","V10","V11","V12","V13","V14","V15","V16","V17","V18","V19","V20","V21","V22","V23","V24","V25","V26","V27","V28","V29","V30","V31","V32","V33","V34","V35","V36","V37","V38","V39","V40","V41","V42","V43","V44","V45","V46","V47","V48","V49","V50","V51","V52","V53","V54","V55","V56","V57","V58","V59","V60","V61","V62","V63"
"1",1,0.63312693498452,0.699059561128527,0.579527559055118,0.537096774193548,0.629457364341085,0.676282051282051,0.572337042925278,0.61648177496038,0.585106382978723,0.694533762057878,0.545161290322581,0.717703349282297,0.599025974025974,0.362179487179487,0.493670886075949,0.359375,0.383495145631068,0.730519480519481,0.725118483412322,0.393939393939394,0.535101404056162,0.5696,0.51033386327504,0.4032,0.511146496815287,0.366013071895425,0.713405238828968,0.687908496732026,0.720064724919094,0.379746835443038,0.637380191693291,0.656101426307448,0.784539473684211,0.504950495049505,0.619902120717781,0.549689440993789,0.673813169984686,0.679549114331723,0.933544303797468,0.409967845659164,0.376811594202899,0.60952380952381,0.559485530546624,0.645424836601307,0.364632237871674,0.360708534621578,0.362459546925566,0.650717703349282,0.593333333333333,0.598039215686274,0.564516129032258,0.435064935064935,0.602167182662539,0.385220125786164,0.38752052545156,0.646687697160883,0.755980861244019,0.362438220757825,0.492211838006231,0.391236306729264,0.381846635367762,0.36437908496732
"2",0.63312693498452,1,0.84984520123839,0.409448818897638,0.789889415481833,0.378294573643411,0.842767295597484,0.309968847352025,0.372093023255814,0.409566517189836,0.829617834394904,0.800314465408805,0.834123222748815,0.32952691680261,0.599041533546326,0.750793650793651,0.619195046439629,0.579277864992151,0.846275752773376,0.835164835164835,0.617693522906793,0.782407407407407,0.829855537720706,0.77373417721519,0.644757433489828,0.729166666666667,0.655502392344498,0.453435114503817,0.8384,0.39171974522293,0.621451104100946,0.409235668789809,0.981395348837209,0.822475570032573,0.765751211631664,0.381729200652529,0.324534161490683,0.846860643185299,0.865293185419968,0.67192429022082,0.665094339622642,0.576862123613312,0.352290679304897,0.33278955954323,0.385350318471338,0.608895705521472,0.58213716108453,0.624,0.406698564593301,0.351791530944625,0.351437699680511,0.319488817891374,0.70429252782194,0.359253499222395,0.613707165109034,0.567092651757188,0.400621118012422,0.8,0.625199362041467,0.723765432098765,0.60596546310832,0.608294930875576,0.604878048780488
"3",0.699059561128527,0.84984520123839,1,0.456418383518225,0.81658692185008,0.342635658914729,0.998402555910543,0.285053929121726,0.327131782945736,0.45045045045045,1,0.817034700315457,1,0.304975922953451,0.648387096774194,0.805946791862285,0.651234567901235,0.620528771384137,0.992138364779874,0.995319812792512,0.677725118483412,0.818461538461538,0.845911949685535,0.809230769230769,0.68380062305296,0.794025157232704,0.67699836867863,0.440060698027314,1,0.396468699839486,0.666149068322981,0.386581469648562,0.885220125786163,0.849025974025974,0.809294871794872,0.345394736842105,0.2984375,0.998477929984779,0.995268138801262,0.793103448275862,0.690851735015773,0.62779552715655,0.332288401253919,0.314194577352472,0.337060702875399,0.637071651090343,0.622977346278317,0.655007949125596,0.356357927786499,0.296416938110749,0.291866028708134,0.274447949526814,0.733441033925687,0.321981424148607,0.666666666666667,0.616026711185309,0.411042944785276,0.94435857805255,0.662884927066451,0.764525993883792,0.648985959438378,0.645865834633385,0.657937806873977
"4",0.579527559055118,0.409448818897638,0.456418383518225,1,0.396774193548387,0.581504702194357,0.458536585365854,0.647342995169082,0.557632398753894,1,0.462783171521036,0.406003159557662,0.470494417862839,0.564273789649416,0.447882736156352,0.426100628930818,0.369085173501577,0.508250825082508,0.450567260940032,0.483818770226537,0.447712418300654,0.4328125,0.403877221324717,0.434294871794872,0.445686900958466,0.44408945686901,0.401315789473684,0.515673981191223,0.459770114942529,0.814634146341463,0.440705128205128,0.524879614767255,0.413848631239936,0.490818030050083,0.409240924092409,0.565943238731219,0.602503912363067,0.464506172839506,0.460912052117264,0.60223642172524,0.439490445859873,0.558966074313409,0.559157212317666,0.603960396039604,0.540362438220758,0.461904761904762,0.503311258278146,0.427876823338736,0.535143769968051,0.553691275167785,0.579804560260586,0.642394822006472,0.405891980360065,0.563402889245586,0.446909667194929,0.545762711864407,0.895475819032761,0.478896103896104,0.434571890145396,0.442857142857143,0.517741935483871,0.479365079365079,0.465890183028286
"5",0.537096774193548,0.789889415481833,0.81658692185008,0.396774193548387,1,0.173354735152488,0.823151125401929,0.136217948717949,0.175911251980983,0.381240544629349,0.818327974276527,1,0.789389067524116,0.150912106135987,0.804241435562806,0.983922829581994,0.81591263650546,0.746774193548387,0.827642276422764,0.79585326953748,0.831423895253682,1,0.964573268921095,1,0.863492063492064,0.987096774193548,0.853088480801336,0.277691107644306,0.840460526315789,0.262578616352201,0.808988764044944,0.22866344605475,0.802931596091205,0.671717171717172,1,0.183193277310924,0.164012738853503,0.836923076923077,0.840510366826156,0.645161290322581,0.885668276972625,0.749201277955272,0.158833063209076,0.163695299837925,0.188498402555911,0.7984,0.773710482529118,0.801313628899836,0.210696920583468,0.166666666666667,0.116393442622951,0.163695299837925,0.905996758508914,0.172302737520129,0.8032,0.735785953177257,0.309636650868878,0.781906300484653,0.815660685154976,0.934477379095164,0.770096463022508,0.797169811320755,0.807046979865772
"6",0.629457364341085,0.378294573643411,0.342635658914729,0.581504702194357,0.173354735152488,1,0.354489164086687,0.923317683881064,0.982758620689655,0.62962962962963,0.374803149606299,0.167711598746081,0.385579937304075,0.980676328502415,0.0344287949921753,0.130708661417323,0.035548686244204,0.0979462875197472,0.348031496062992,0.381987577639752,0.0559006211180124,0.160493827160494,0.211783439490446,0.147744945567652,0.0618238021638331,0.158307210031348,0.00970873786407767,0.891768292682927,0.325878594249201,0.835987261146497,0.0356589147286822,0.937791601866252,0.378294573643411,0.511326860841424,0.121951219512195,0.995121951219512,0.91588785046729,0.33030303030303,0.322834645669291,0.490654205607477,0.0979462875197472,0.127591706539075,0.995275590551181,0.913738019169329,0.969793322734499,0.0328638497652582,0.0648298217179903,0.0338164251207729,0.9696,0.993485342019544,0.996845425867508,0.9184,0.0883280757097792,0.998466257668712,0.0340557275541796,0.114754098360656,0.735294117647059,0.386327503974563,0.0387096774193548,0.124031007751938,0.0910518053375196,0.0702028081123245,0.0357142857142857
"7",0.676282051282051,0.842767295597484,0.998402555910543,0.458536585365854,0.823151125401929,0.354489164086687,1,0.291798107255521,0.340625,0.466266866566717,0.990521327014218,0.829073482428115,0.990654205607477,0.314424635332253,0.631578947368421,0.792248062015504,0.645007923930269,0.6096,0.984227129337539,0.982677165354331,0.663461538461538,0.819875776397516,0.835987261146497,0.811410459587956,0.678343949044586,0.786624203821656,0.661157024793388,0.467791411042945,0.99344262295082,0.408427876823339,0.647058823529412,0.392344497607655,0.874411302982732,0.853896103896104,0.816393442622951,0.360330578512397,0.304416403785489,0.989393939393939,0.987158908507223,0.770440251572327,0.677265500794913,0.610932475884244,0.342767295597484,0.317589576547231,0.360759493670886,0.619047619047619,0.595161290322581,0.633825944170772,0.37597503900156,0.316309719934102,0.303225806451613,0.276527331189711,0.713153724247227,0.335443037974684,0.641065830721003,0.600331674958541,0.427682737169518,0.963258785942492,0.63915857605178,0.750394944707741,0.631832797427653,0.635367762128325,0.638126009693053
"8",0.572337042925278,0.309968847352025,0.285053929121726,0.647342995169082,0.136217948717949,0.923317683881064,0.291798107255521,1,0.895638629283489,0.676427525622255,0.290171606864275,0.140157480314961,0.305863708399366,0.966129032258065,0.115755627009646,0.135725429017161,0.125960061443932,0.189952904238619,0.292527821939587,0.315217391304348,0.119354838709677,0.144817073170732,0.165354330708661,0.131868131868132,0.117370892018779,0.138582677165354,0.0882825040128411,0.800608828006088,0.26461038961039,0.839116719242902,0.107309486780715,0.849921011058452,0.310832025117739,0.446428571428571,0.0898692810457516,0.903654485049834,1,0.271056661562021,0.277165354330709,0.444267515923567,0.130434782608696,0.20926517571885,0.905448717948718,1,0.892282958199357,0.120443740095087,0.143780290791599,0.1152,0.872841444270016,0.904065040650406,0.909667194928685,1,0.12202852614897,0.894819466248038,0.113707165109034,0.194719471947195,0.778801843317972,0.319620253164557,0.12012987012987,0.118195956454121,0.17219589257504,0.125391849529781,0.111292962356792
"9",0.61648177496038,0.372093023255814,0.327131782945736,0.557632398753894,0.175911251980983,0.982758620689655,0.340625,0.895638629283489,1,0.605970149253731,0.359937402190923,0.166405023547881,0.370716510903427,0.970967741935484,0,0.12210200927357,0.00623052959501558,0.0615141955835962,0.343354430379747,0.36547433903577,0.0379746835443038,0.155864197530864,0.199044585987261,0.146875,0.0432766615146832,0.15506329113924,0.00647249190938511,0.905053598774885,0.320512820512821,0.818466353677621,0.0031104199066874,0.964856230031949,0.374414976599064,0.52555910543131,0.123993558776167,0.98694942903752,0.899390243902439,0.306501547987616,0.320512820512821,0.4875,0.0758293838862559,0.0829346092503987,0.989028213166144,0.897356143079316,0.995260663507109,0.0015527950310559,0.0240770465489567,0,1,0.99672131147541,0.993630573248408,0.891167192429022,0.0688,0.9859375,0,0.0717781402936378,0.717791411042945,0.36724960254372,0.0127186009538951,0.109737248840804,0.05,0.0345368916797488,0
"10",0.585106382978723,0.409566517189836,0.45045045045045,1,0.381240544629349,0.62962962962963,0.466266866566717,0.676427525622255,0.605970149253731,1,0.462349397590361,0.392537313432836,0.466567607726597,0.609230769230769,0.403614457831325,0.412112259970458,0.314705882352941,0.454545454545455,0.446455505279035,0.493192133131619,0.413740458015267,0.414705882352941,0.399698340874811,0.411589895988113,0.404160475482912,0.432392273402675,0.361408882082695,0.563318777292576,0.453717754172989,0.820668693009118,0.393072289156627,0.57847533632287,0.423423423423423,0.499229583975347,0.391975308641975,0.610248447204969,0.63150074294205,0.465417867435159,0.452344931921331,0.592537313432836,0.420740740740741,0.511244377811094,0.612518628912072,0.637614678899083,0.583710407239819,0.412293853073463,0.403053435114504,0.393072289156627,0.581464872944694,0.590062111801242,0.623277182235835,0.665158371040724,0.379939209726444,0.607090103397341,0.412371134020619,0.4890625,0.89051094890511,0.483383685800604,0.399075500770416,0.411160058737151,0.474150664697194,0.419402985074627,0.42967542503864
"11",0.694533762057878,0.829617834394904,1,0.462783171521036,0.818327974276527,0.374803149606299,0.990521327014218,0.290171606864275,0.359937402190923,0.462349397590361,1,0.820472440944882,0.998412698412698,0.323529411764706,0.618819776714514,0.796502384737679,0.62111801242236,0.594294770206022,0.992063492063492,0.998417721518987,0.645833333333333,0.813664596273292,0.848484848484849,0.811410459587956,0.6528,0.785373608903021,0.645161290322581,0.483076923076923,1,0.406451612903226,0.63849765258216,0.417741935483871,0.864433811802233,0.840460526315789,0.813531353135314,0.369205298013245,0.304278922345483,0.996904024767802,0.993517017828201,0.80064308681672,0.660225442834139,0.6,0.364353312302839,0.316639741518578,0.370486656200942,0.608974358974359,0.595081967213115,0.623987034035656,0.388976377952756,0.337133550488599,0.319286871961102,0.288492706645057,0.698205546492659,0.349378881987578,0.635071090047393,0.583196046128501,0.43125,0.950080515297907,0.628019323671498,0.74414976599064,0.6176,0.621236133122029,0.627257799671593
"12",0.545161290322581,0.800314465408805,0.817034700315457,0.406003159557662,1,0.167711598746081,0.829073482428115,0.140157480314961,0.166405023547881,0.392537313432836,0.820472440944882,1,0.794025157232704,0.146302250803859,0.815409309791332,0.977987421383648,0.818042813455658,0.755070202808112,0.829113924050633,0.804107424960506,0.833068362480127,1,0.9640625,1,0.862123613312203,0.985668789808917,0.851132686084142,0.275115919629057,0.847619047619048,0.266773162939297,0.819466248037677,0.225196850393701,0.809076682316119,0.665064102564103,1,0.177993527508091,0.15987460815047,0.844854070660522,0.837620578778135,0.658805031446541,0.876971608832808,0.744444444444444,0.154929577464789,0.168539325842697,0.175324675324675,0.809375,0.781906300484653,0.816855753646678,0.200317965023847,0.158415841584158,0.117552334943639,0.152979066022544,0.898894154818325,0.164319248826291,0.81055900621118,0.733660130718954,0.325617283950617,0.795275590551181,0.817447495961228,0.924148606811146,0.770932069510269,0.80379746835443,0.81342062193126
"13",0.717703349282297,0.834123222748815,1,0.470494417862839,0.789389067524116,0.385579937304075,0.990654205607477,0.305863708399366,0.370716510903427,0.466567607726597,0.998412698412698,0.794025157232704,1,0.3264,0.60410094637224,0.76625386996904,0.60708782742681,0.585987261146497,0.992076069730586,0.996865203761755,0.634768740031898,0.791158536585366,0.823151125401929,0.781591263650546,0.6453125,0.754385964912281,0.627035830618892,0.495426829268293,1,0.429252782193959,0.621621621621622,0.427899686520376,0.875590551181102,0.861066235864297,0.785829307568438,0.386623164763458,0.315707620528771,1,0.993620414673046,0.795631825273011,0.65149136577708,0.595541401273885,0.378548895899054,0.326923076923077,0.379527559055118,0.588607594936709,0.576736672051696,0.607655502392344,0.405362776025237,0.355371900826446,0.335473515248796,0.295527156549521,0.68312101910828,0.363214837712519,0.620904836193448,0.586991869918699,0.443932411674347,0.940345368916798,0.60586319218241,0.724031007751938,0.616954474097331,0.61189358372457,0.611650485436893
"14",0.599025974025974,0.32952691680261,0.304975922953451,0.564273789649416,0.150912106135987,0.980676328502415,0.314424635332253,0.966129032258065,0.970967741935484,0.609230769230769,0.323529411764706,0.146302250803859,0.3264,1,0.0413223140495868,0.104404567699837,0.0432692307692308,0.0973597359735974,0.295081967213115,0.32626427406199,0.0687397708674304,0.140157480314961,0.172981878088962,0.13322632423756,0.0675453047775947,0.135090609555189,0.0282392026578073,0.863924050632911,0.276845637583893,0.816666666666667,0.0482315112540193,0.925864909390445,0.332258064516129,0.471476510067114,0.102177554438861,0.974182444061962,0.971291866028708,0.288611544461778,0.2833607907743,0.477491961414791,0.0894308943089431,0.126666666666667,0.978547854785479,0.976897689768977,0.958745874587459,0.0372168284789644,0.068561872909699,0.0464344941956882,0.955223880597015,0.976588628762542,0.978333333333333,0.975,0.0840197693574959,0.974193548387097,0.0474683544303797,0.114671163575042,0.707667731629393,0.333878887070376,0.0501672240802676,0.0959349593495935,0.0967213114754098,0.0672131147540984,0.0400667779632721
"15",0.362179487179487,0.599041533546326,0.648387096774194,0.447882736156352,0.804241435562806,0.0344287949921753,0.631578947368421,0.115755627009646,0,0.403614457831325,0.618819776714514,0.815409309791332,0.60410094637224,0.0413223140495868,1,0.862776025236593,0.992138364779874,0.947452229299363,0.622366288492707,0.59775641025641,0.955342902711324,0.816614420062696,0.770597738287561,0.82306477093207,0.946774193548387,0.82615629984051,0.981788079470199,0.0897832817337461,0.644844517184943,0.191869918699187,0.996794871794872,0.0286624203821656,0.605633802816901,0.450819672131148,0.851239669421488,0.0267111853088481,0.106180665610143,0.659442724458204,0.649350649350649,0.504731861198738,0.917851500789889,0.911003236245955,0.0293159609120521,0.107491856677524,0.00324149108589951,1,0.972491909385113,1,0.00315955766192733,0.0149750415973378,0.0180327868852459,0.119281045751634,0.914191419141914,0.0256410256410256,1,0.922314049586777,0.293103448275862,0.596774193548387,0.981878088962109,0.878930817610063,0.942307692307692,0.963434022257552,1
"16",0.493670886075949,0.750793650793651,0.805946791862285,0.426100628930818,0.983922829581994,0.130708661417323,0.792248062015504,0.135725429017161,0.12210200927357,0.412112259970458,0.796502384737679,0.977987421383648,0.76625386996904,0.104404567699837,0.862776025236593,1,0.855161787365177,0.798732171156894,0.79746835443038,0.778649921507064,0.877551020408163,0.984591679506934,0.958664546899841,0.989113530326594,0.904984423676013,0.992163009404389,0.8944,0.226993865030675,0.813694267515924,0.241214057507987,0.862559241706161,0.177215189873418,0.760629921259843,0.631663974151858,0.996688741721854,0.128874388254486,0.139103554868624,0.823889739663093,0.813586097946288,0.628304821150855,0.930926216640502,0.79304897314376,0.114599686028257,0.141494435612083,0.138755980861244,0.847244094488189,0.816129032258065,0.857142857142857,0.153965785381026,0.112396694214876,0.0673076923076923,0.133333333333333,0.923556942277691,0.122448979591837,0.856923076923077,0.798690671031097,0.315707620528771,0.760252365930599,0.859424920127795,0.968085106382979,0.822981366459627,0.833333333333333,0.859450726978998
"17",0.359375,0.619195046439629,0.651234567901235,0.369085173501577,0.81591263650546,0.035548686244204,0.645007923930269,0.125960061443932,0.00623052959501558,0.314705882352941,0.62111801242236,0.818042813455658,0.60708782742681,0.0432692307692308,0.992138364779874,0.855161787365177,1,0.927444794952681,0.635367762128325,0.601255886970173,0.962204724409449,0.81638846737481,0.7796875,0.831775700934579,0.950233281493002,0.823717948717949,0.988888888888889,0.0987841945288754,0.653418124006359,0.162204724409449,1,0.0423197492163009,0.614906832298137,0.458670988654781,0.853420195439739,0.0243506493506494,0.122480620155039,0.662162162162162,0.652173913043478,0.486111111111111,0.914196567862715,0.893416927899687,0.029595015576324,0.119547657512116,0.0143769968051118,0.990712074303406,0.966772151898734,0.993620414673046,0.00933125972006221,0.0211038961038961,0.0221169036334913,0.130990415335463,0.927330173775671,0.0278207109737249,0.993836671802773,0.901453957996769,0.268817204301075,0.600953895071542,0.993660855784469,0.881278538812785,0.931993817619784,0.947530864197531,0.993670886075949
"18",0.383495145631068,0.579277864992151,0.620528771384137,0.508250825082508,0.746774193548387,0.0979462875197472,0.6096,0.189952904238619,0.0615141955835962,0.454545454545455,0.594294770206022,0.755070202808112,0.585987261146497,0.0973597359735974,0.947452229299363,0.798732171156894,0.927444794952681,1,0.614649681528662,0.588141025641026,0.904458598726115,0.761682242990654,0.7264,0.769352290679305,0.894819466248038,0.776729559748428,0.917609046849758,0.155763239875389,0.619124797406807,0.261637239165329,0.936708860759494,0.0984126984126984,0.567353407290016,0.472906403940887,0.798013245033113,0.0875420875420875,0.178913738019169,0.643518518518518,0.631067961165049,0.496038034865293,0.842696629213483,0.974358974358974,0.0916271721958926,0.196110210696921,0.0670926517571885,0.938388625592417,0.935691318327974,0.920711974110032,0.0520504731861199,0.0786885245901639,0.0861788617886179,0.2016,0.861244019138756,0.0853080568720379,0.942457231726283,0.980132450331126,0.367924528301887,0.57484076433121,0.91887417218543,0.813271604938272,0.9856,0.984227129337539,0.938943894389439
"19",0.730519480519481,0.846275752773376,0.992138364779874,0.450567260940032,0.827642276422764,0.348031496062992,0.984227129337539,0.292527821939587,0.343354430379747,0.446455505279035,0.992063492063492,0.829113924050633,0.992076069730586,0.295081967213115,0.622366288492707,0.79746835443038,0.635367762128325,0.614649681528662,1,0.998417721518987,0.661904761904762,0.824345146379045,0.850722311396469,0.821371610845295,0.673170731707317,0.798387096774194,0.661812297734628,0.486024844720497,0.991776315789474,0.413848631239936,0.6496,0.396468699839486,0.875,0.915721231766613,0.810985460420032,0.361064891846922,0.302839116719243,0.989147286821705,1,0.818897637795276,0.677316293929712,0.615883306320908,0.349206349206349,0.313628899835796,0.355411954765751,0.624605678233438,0.60650406504065,0.633057851239669,0.377179080824089,0.306425041186161,0.303921568627451,0.282926829268293,0.723747980613893,0.327613104524181,0.650546021840874,0.61371237458194,0.423255813953488,0.945686900958466,0.639802631578947,0.750392464678179,0.647435897435897,0.639553429027113,0.641791044776119
"20",0.725118483412322,0.835164835164835,0.995319812792512,0.483818770226537,0.79585326953748,0.381987577639752,0.982677165354331,0.315217391304348,0.36547433903577,0.493192133131619,0.998417721518987,0.804107424960506,0.996865203761755,0.32626427406199,0.59775641025641,0.778649921507064,0.601255886970173,0.588141025641026,0.998417721518987,1,0.63968253968254,0.793103448275862,0.824644549763033,0.795069337442219,0.652866242038217,0.767772511848341,0.633550488599348,0.506912442396313,0.996715927750411,0.445686900958466,0.623028391167192,0.418789808917197,0.872670807453416,0.865040650406504,0.79344262295082,0.389250814332248,0.324534161490683,0.995356037151703,0.998389694041868,0.789556962025316,0.6528,0.595879556259905,0.370839936608558,0.344660194174757,0.381789137380192,0.589905362776025,0.57328990228013,0.617834394904459,0.404120443740095,0.336617405582923,0.333876221498371,0.307317073170732,0.687400318979266,0.355242566510172,0.624223602484472,0.587064676616915,0.444615384615385,0.938709677419355,0.617504051863857,0.724458204334365,0.611464968152866,0.61189358372457,0.616013071895425
"21",0.393939393939394,0.617693522906793,0.677725118483412,0.447712418300654,0.831423895253682,0.0559006211180124,0.663461538461538,0.119354838709677,0.0379746835443038,0.413740458015267,0.645833333333333,0.833068362480127,0.634768740031898,0.0687397708674304,0.955342902711324,0.877551020408163,0.962204724409449,0.904458598726115,0.661904761904762,0.63968253968254,1,0.843410852713178,0.792,0.849056603773585,1,0.845779220779221,1,0.123456790123457,0.681818181818182,0.2,0.954041204437401,0.0696920583468395,0.611635220125786,0.508278145695364,0.8688,0.0539629005059022,0.125588697017268,0.692068429237947,0.692058346839546,0.534700315457413,0.920508744038156,0.882736156351791,0.0465489566613162,0.123778501628664,0.0401284109149278,0.95125786163522,0.930807248764415,0.962171052631579,0.0393700787401575,0.042483660130719,0.0352,0.127659574468085,0.945161290322581,0.0520504731861199,0.960691823899371,0.890756302521008,0.291338582677165,0.63258785942492,0.974958263772955,0.897476340694006,0.911251980982567,0.921951219512195,0.959083469721768
"22",0.535101404056162,0.782407407407407,0.818461538461538,0.4328125,1,0.160493827160494,0.819875776397516,0.144817073170732,0.155864197530864,0.414705882352941,0.813664596273292,1,0.791158536585366,0.140157480314961,0.816614420062696,0.984591679506934,0.81638846737481,0.761682242990654,0.824345146379045,0.793103448275862,0.843410852713178,1,0.956923076923077,1,0.869565217391304,0.990783410138249,0.860979462875197,0.279034690799397,0.838607594936709,0.265625,0.819722650231125,0.212403100775194,0.794712286158631,0.665079365079365,1,0.167752442996743,0.163636363636364,0.829819277108434,0.837795275590551,0.646604938271605,0.888379204892966,0.768025078369906,0.15,0.15987460815047,0.17601246105919,0.806800618238022,0.787781350482315,0.821656050955414,0.199692780337942,0.151658767772512,0.107255520504732,0.157728706624606,0.90521327014218,0.159879336349925,0.811926605504587,0.754471544715447,0.328220858895706,0.777950310559006,0.819935691318328,0.92846034214619,0.783206106870229,0.812307692307692,0.8176
"23",0.5696,0.829855537720706,0.845911949685535,0.403877221324717,0.964573268921095,0.211783439490446,0.835987261146497,0.165354330708661,0.199044585987261,0.399698340874811,0.848484848484849,0.9640625,0.823151125401929,0.172981878088962,0.770597738287561,0.958664546899841,0.7796875,0.7264,0.850722311396469,0.824644549763033,0.792,0.956923076923077,1,0.957142857142857,0.828616352201258,0.945425361155698,0.821895424836601,0.314900153609831,0.8578352180937,0.298217179902755,0.781645569620253,0.256778309409888,0.862992125984252,0.693181818181818,0.955223880597015,0.217607973421927,0.190851735015773,0.861325115562404,0.861464968152866,0.666141732283465,0.838607594936709,0.712680577849117,0.189189189189189,0.188617886178862,0.22275641025641,0.764423076923077,0.736156351791531,0.780645161290323,0.236220472440945,0.191558441558442,0.148387096774194,0.175122749590835,0.869494290375204,0.205329153605016,0.775193798449612,0.710264900662252,0.34012539184953,0.800322061191626,0.793214862681745,0.885093167701863,0.745283018867924,0.771428571428571,0.779050736497545
"24",0.51033386327504,0.77373417721519,0.809230769230769,0.434294871794872,1,0.147744945567652,0.811410459587956,0.131868131868132,0.146875,0.411589895988113,0.811410459587956,1,0.781591263650546,0.13322632423756,0.82306477093207,0.989113530326594,0.831775700934579,0.769352290679305,0.821371610845295,0.795069337442219,0.849056603773585,1,0.957142857142857,1,0.880952380952381,0.990536277602524,0.866013071895425,0.264931087289433,0.840836012861736,0.246376811594203,0.82753164556962,0.20253164556962,0.783018867924528,0.644694533762058,1,0.163132137030995,0.163265306122449,0.835403726708075,0.829888712241653,0.637083993660856,0.891025641025641,0.769230769230769,0.142405063291139,0.159163987138264,0.169303797468354,0.820349761526232,0.797077922077922,0.826923076923077,0.186520376175549,0.146341463414634,0.101449275362319,0.152866242038217,0.9168,0.146831530139104,0.827102803738318,0.762767710049423,0.322932917316693,0.776357827476038,0.832786885245902,0.933333333333333,0.797169811320755,0.819620253164557,0.830618892508143
"25",0.4032,0.644757433489828,0.68380062305296,0.445686900958466,0.863492063492064,0.0618238021638331,0.678343949044586,0.117370892018779,0.0432766615146832,0.404160475482912,0.6528,0.862123613312203,0.6453125,0.0675453047775947,0.946774193548387,0.904984423676013,0.950233281493002,0.894819466248038,0.673170731707317,0.652866242038217,1,0.869565217391304,0.828616352201258,0.880952380952381,1,0.884615384615385,0.990196078431373,0.138461538461538,0.691813804173355,0.20259319286872,0.946287519747235,0.0799373040752351,0.635220125786163,0.512738853503185,0.898858075040783,0.0575657894736842,0.127358490566038,0.7,0.691573926868045,0.543887147335423,0.935126582278481,0.870253164556962,0.0521327014218009,0.119426751592357,0.0461049284578696,0.946117274167987,0.926163723916533,0.950320512820513,0.0480769230769231,0.0474631751227496,0.0306946688206785,0.131067961165049,0.9792663476874,0.0613207547169811,0.953488372093023,0.87893864013267,0.2953125,0.6432,0.961227786752827,0.913312693498452,0.896389324960754,0.91601866251944,0.952076677316294
"26",0.511146496815287,0.729166666666667,0.794025157232704,0.44408945686901,0.987096774193548,0.158307210031348,0.786624203821656,0.138582677165354,0.15506329113924,0.432392273402675,0.785373608903021,0.985668789808917,0.754385964912281,0.135090609555189,0.82615629984051,0.992163009404389,0.823717948717949,0.776729559748428,0.798387096774194,0.767772511848341,0.845779220779221,0.990783410138249,0.945425361155698,0.990536277602524,0.884615384615385,1,0.86963696369637,0.258566978193146,0.812903225806452,0.268488745980707,0.822605965463108,0.2,0.731554160125589,0.637096774193548,0.995073891625616,0.166666666666667,0.152755905511811,0.811526479750779,0.804878048780488,0.624203821656051,0.915605095541401,0.767628205128205,0.145631067961165,0.158576051779935,0.16504854368932,0.814992025518341,0.792937399678973,0.82120253164557,0.182539682539683,0.144499178981938,0.106451612903226,0.154952076677316,0.9168,0.153125,0.829192546583851,0.764510779436153,0.335443037974684,0.7584,0.834697217675941,0.953051643192488,0.79304897314376,0.81658692185008,0.829508196721311
"27",0.366013071895425,0.655502392344498,0.67699836867863,0.401315789473684,0.853088480801336,0.00970873786407767,0.661157024793388,0.0882825040128411,0.00647249190938511,0.361408882082695,0.645161290322581,0.851132686084142,0.627035830618892,0.0282392026578073,0.981788079470199,0.8944,0.988888888888889,0.917609046849758,0.661812297734628,0.633550488599348,1,0.860979462875197,0.821895424836601,0.866013071895425,0.990196078431373,0.86963696369637,1,0.0993589743589744,0.681135225375626,0.147107438016529,0.981818181818182,0.0525451559934319,0.648475120385233,0.487266553480475,0.888701517706577,0.00844594594594595,0.0923824959481361,0.697305863708399,0.685950413223141,0.493377483443709,0.945544554455445,0.887603305785124,0,0.0880398671096345,0.0149253731343284,0.978930307941653,0.952461799660441,0.983552631578947,0.0130293159609121,0.0116472545757072,0,0.0925619834710744,0.960330578512397,0.00816993464052288,0.98389694041868,0.900514579759863,0.2432,0.626229508196721,0.993299832495812,0.917741935483871,0.92156862745098,0.9375,0.983108108108108
"28",0.713405238828968,0.453435114503817,0.440060698027314,0.515673981191223,0.277691107644306,0.891768292682927,0.467791411042945,0.800608828006088,0.905053598774885,0.563318777292576,0.483076923076923,0.275115919629057,0.495426829268293,0.863924050632911,0.0897832817337461,0.226993865030675,0.0987841945288754,0.155763239875389,0.486024844720497,0.506912442396313,0.123456790123457,0.279034690799397,0.314900153609831,0.264931087289433,0.138461538461538,0.258566978193146,0.0993589743589744,1,0.449685534591195,0.767036450079239,0.102719033232628,0.924646781789639,0.468315301391036,0.610410094637224,0.229299363057325,0.8848,0.800918836140888,0.423703703703704,0.447737909516381,0.5359375,0.167692307692308,0.170278637770898,0.881987577639752,0.810126582278481,0.937205651491366,0.0903426791277259,0.114420062695925,0.104524180967239,0.924961715160796,0.895833333333333,0.889589905362776,0.800627943485086,0.17879746835443,0.887366818873668,0.0972644376899696,0.152597402597403,0.661608497723824,0.483619344773791,0.105015673981191,0.207951070336391,0.148837209302326,0.140030441400304,0.0995260663507109
"29",0.687908496732026,0.8384,1,0.459770114942529,0.840460526315789,0.325878594249201,0.99344262295082,0.26461038961039,0.320512820512821,0.453717754172989,1,0.847619047619048,1,0.276845637583893,0.644844517184943,0.813694267515924,0.653418124006359,0.619124797406807,0.991776315789474,0.996715927750411,0.681818181818182,0.838607594936709,0.8578352180937,0.840836012861736,0.691813804173355,0.812903225806452,0.681135225375626,0.449685534591195,1,0.40032414910859,0.668261562998405,0.387622149837134,0.86634460547504,0.845514950166113,0.838926174496644,0.336148648648649,0.276252019386107,0.996845425867508,0.99512987012987,0.776190476190476,0.712698412698413,0.631578947368421,0.32520325203252,0.288778877887789,0.336079077429984,0.641233766233766,0.628099173553719,0.657467532467532,0.362903225806452,0.295302013422819,0.284525790349418,0.255700325732899,0.733766233766234,0.312698412698413,0.656692913385827,0.614991482112436,0.414944356120827,0.961165048543689,0.650741350906096,0.777424483306836,0.647634584013051,0.653721682847896,0.654300168634064
"30",0.720064724919094,0.39171974522293,0.396468699839486,0.814634146341463,0.262578616352201,0.835987261146497,0.408427876823339,0.839116719242902,0.818466353677621,0.820668693009118,0.406451612903226,0.266773162939297,0.429252782193959,0.816666666666667,0.191869918699187,0.241214057507987,0.162204724409449,0.261637239165329,0.413848631239936,0.445686900958466,0.2,0.265625,0.298217179902755,0.246376811594203,0.20259319286872,0.268488745980707,0.147107438016529,0.767036450079239,0.40032414910859,1,0.155339805825243,0.781199351701783,0.409090909090909,0.520729684908789,0.236541598694943,0.8107202680067,0.810207336523126,0.391236306729264,0.395121951219512,0.606349206349206,0.216,0.287096774193548,0.825806451612903,0.823051948051948,0.81421647819063,0.184713375796178,0.219672131147541,0.176948051948052,0.805071315372425,0.8107202680067,0.83003300330033,0.831987075928918,0.206785137318255,0.824281150159744,0.185243328100471,0.280730897009967,1,0.439024390243902,0.167763157894737,0.230283911671924,0.261217948717949,0.221698113207547,0.193656093489149
"31",0.379746835443038,0.621451104100946,0.666149068322981,0.440705128205128,0.808988764044944,0.0356589147286822,0.647058823529412,0.107309486780715,0.0031104199066874,0.393072289156627,0.63849765258216,0.819466248037677,0.621621621621622,0.0482315112540193,0.996794871794872,0.862559241706161,1,0.936708860759494,0.6496,0.623028391167192,0.954041204437401,0.819722650231125,0.781645569620253,0.82753164556962,0.946287519747235,0.822605965463108,0.981818181818182,0.102719033232628,0.668261562998405,0.155339805825243,1,0.0418604651162791,0.625196850393701,0.483359746434231,0.86084142394822,0.0245499181669394,0.108527131782946,0.678899082568807,0.667194928684628,0.50547730829421,0.915227629513344,0.917197452229299,0.0335463258785942,0.107594936708861,0.0111464968152866,0.993798449612403,0.973101265822785,0.996805111821086,0.00637958532695375,0.022508038585209,0.0256821829855538,0.11470113085622,0.909379968203498,0.0280811232449298,0.996927803379416,0.92396694214876,0.266153846153846,0.618819776714514,0.985553772070626,0.883464566929134,0.946708463949843,0.968798751950078,0.995137763371151
"32",0.637380191693291,0.409235668789809,0.386581469648562,0.524879614767255,0.22866344605475,0.937791601866252,0.392344497607655,0.849921011058452,0.964856230031949,0.57847533632287,0.417741935483871,0.225196850393701,0.427899686520376,0.925864909390445,0.0286624203821656,0.177215189873418,0.0423197492163009,0.0984126984126984,0.396468699839486,0.418789808917197,0.0696920583468395,0.212403100775194,0.256778309409888,0.20253164556962,0.0799373040752351,0.2,0.0525451559934319,0.924646781789639,0.387622149837134,0.781199351701783,0.0418604651162791,1,0.40952380952381,0.528938906752412,0.180327868852459,0.945990180032733,0.847723704866562,0.375379939209726,0.377235772357724,0.497637795275591,0.107255520504732,0.120772946859903,0.938511326860841,0.856209150326797,1,0.0318471337579618,0.0598705501618123,0.0355411954765751,1,0.954248366013072,0.941272430668842,0.834683954619125,0.114285714285714,0.945141065830721,0.0362204724409449,0.112396694214876,0.676656151419558,0.432907348242812,0.0483091787439614,0.143740340030912,0.100638977635783,0.080952380952381,0.0414593698175788
"33",0.656101426307448,0.981395348837209,0.885220125786163,0.413848631239936,0.802931596091205,0.378294573643411,0.874411302982732,0.310832025117739,0.374414976599064,0.423423423423423,0.864433811802233,0.809076682316119,0.875590551181102,0.332258064516129,0.605633802816901,0.760629921259843,0.614906832298137,0.567353407290016,0.875,0.872670807453416,0.611635220125786,0.794712286158631,0.862992125984252,0.783018867924528,0.635220125786163,0.731554160125589,0.648475120385233,0.468315301391036,0.86634460547504,0.409090909090909,0.625196850393701,0.40952380952381,1,0.805422647527911,0.780645161290323,0.382207578253707,0.327586206896552,0.88,0.89047619047619,0.6828125,0.661367249602544,0.558028616852146,0.356120826709062,0.3376,0.39171974522293,0.601866251944012,0.578352180936995,0.619582664526485,0.408163265306122,0.351612903225806,0.346839546191248,0.314696485623003,0.704761904761905,0.360808709175739,0.608359133126935,0.549918166939444,0.420401854714065,0.829617834394904,0.621931260229133,0.72824427480916,0.588697017268446,0.597464342313788,0.595081967213115
"34",0.784539473684211,0.822475570032573,0.849025974025974,0.490818030050083,0.671717171717172,0.511326860841424,0.853896103896104,0.446428571428571,0.52555910543131,0.499229583975347,0.840460526315789,0.665064102564103,0.861066235864297,0.471476510067114,0.450819672131148,0.631663974151858,0.458670988654781,0.472906403940887,0.915721231766613,0.865040650406504,0.508278145695364,0.665079365079365,0.693181818181818,0.644694533762058,0.512738853503185,0.637096774193548,0.487266553480475,0.610410094637224,0.845514950166113,0.520729684908789,0.483359746434231,0.528938906752412,0.805422647527911,1,0.656093489148581,0.523411371237458,0.456869009584665,0.848341232227488,0.900651465798046,0.80064308681672,0.542536115569823,0.481967213114754,0.499184339314845,0.466115702479339,0.530477759472817,0.462903225806452,0.45320197044335,0.464696223316913,0.548387096774194,0.462962962962963,0.491749174917492,0.433554817275748,0.563517915309446,0.488,0.484702093397746,0.487437185929648,0.497622820919176,0.844370860927152,0.482412060301508,0.592,0.500815660685155,0.486178861788618,0.474295190713101
"35",0.504950495049505,0.765751211631664,0.809294871794872,0.409240924092409,1,0.121951219512195,0.816393442622951,0.0898692810457516,0.123993558776167,0.391975308641975,0.813531353135314,1,0.785829307568438,0.102177554438861,0.851239669421488,0.996688741721854,0.853420195439739,0.798013245033113,0.810985460420032,0.79344262295082,0.8688,1,0.955223880597015,1,0.898858075040783,0.995073891625616,0.888701517706577,0.229299363057325,0.838926174496644,0.236541598694943,0.86084142394822,0.180327868852459,0.780645161290323,0.656093489148581,1,0.126929674099485,0.113821138211382,0.835703001579779,0.833607907742998,0.62987012987013,0.920325203252032,0.78441127694859,0.116968698517298,0.115771812080537,0.135986733001658,0.845648604269294,0.820428336079077,0.854545454545454,0.154838709677419,0.112040133779264,0.0978441127694859,0.118333333333333,0.935,0.121359223300971,0.848387096774194,0.797619047619048,0.300319488817891,0.775206611570248,0.846787479406919,0.955128205128205,0.824390243902439,0.840764331210191,0.853535353535353
"36",0.619902120717781,0.381729200652529,0.345394736842105,0.565943238731219,0.183193277310924,0.995121951219512,0.360330578512397,0.903654485049834,0.98694942903752,0.610248447204969,0.369205298013245,0.177993527508091,0.386623164763458,0.974182444061962,0.0267111853088481,0.128874388254486,0.0243506493506494,0.0875420875420875,0.361064891846922,0.389250814332248,0.0539629005059022,0.167752442996743,0.217607973421927,0.163132137030995,0.0575657894736842,0.166666666666667,0.00844594594594595,0.8848,0.336148648648649,0.8107202680067,0.0245499181669394,0.945990180032733,0.382207578253707,0.523411371237458,0.126929674099485,1,0.904448105436573,0.333333333333333,0.344594594594595,0.495049504950495,0.0907590759075908,0.109452736318408,1,0.9106239460371,0.977161500815661,0.0263157894736842,0.0514096185737977,0.0232945091514143,0.978930307941653,0.998284734133791,1,0.897993311036789,0.0897009966777409,1,0.0258899676375405,0.101836393989983,0.716369529983793,0.374172185430464,0.0352941176470588,0.112929623567921,0.0853858784893268,0.0603588907014682,0.0224137931034483
"37",0.549689440993789,0.324534161490683,0.2984375,0.602503912363067,0.164012738853503,0.91588785046729,0.304416403785489,1,0.899390243902439,0.63150074294205,0.304278922345483,0.15987460815047,0.315707620528771,0.971291866028708,0.106180665610143,0.139103554868624,0.122480620155039,0.178913738019169,0.302839116719243,0.324534161490683,0.125588697017268,0.163636363636364,0.190851735015773,0.163265306122449,0.127358490566038,0.152755905511811,0.0923824959481361,0.800918836140888,0.276252019386107,0.810207336523126,0.108527131782946,0.847723704866562,0.327586206896552,0.456869009584665,0.113821138211382,0.904448105436573,1,0.288721804511278,0.289348171701113,0.435054773082942,0.138036809815951,0.20094191522763,0.904912836767036,1,0.89968152866242,0.109546165884194,0.137876386687797,0.109177215189873,0.88006230529595,0.90453074433657,0.910685805422648,1,0.128164556962025,0.894899536321484,0.11353032659409,0.186195826645265,0.745398773006135,0.3168,0.119162640901771,0.125960061443932,0.167701863354037,0.126168224299065,0.107890499194847
