"","V1","V2","V3","V4","V5","V6","V7","V8","V9","V10","V11","V12","V13","V14","V15","V16","V17","V18","V19","V20","V21","V22","V23","V24","V25","V26","V27","V28","V29","V30","V31","V32","V33","V34","V35","V36","V37","V38","V39","V40","V41","V42","V43","V44","V45","V46","V47","V48","V49","V50","V51","V52","V53","V54","V55","V56","V57","V58","V59","V60","V61","V62","V63"
"1",1,0.764991896272285,0.836734693877551,0.325396825396825,0.210191082802548,0.897394136807818,0.76303317535545,0.793700787401575,0.960505529225908,0.332814930015552,0.745571658615137,0.306278713629403,0.92259083728278,0.87758346581876,0.146875,0.146189735614308,0.0474683544303797,0.28129829984544,0.8544,0.858015267175573,0.046583850931677,0.648233486943164,0.349761526232114,0.247191011235955,0.0434108527131783,0.208530805687204,0.0531400966183575,0.955905511811024,0.786729857819905,0.941176470588235,0.176838810641628,0.949206349206349,0.763693270735524,0.956589147286822,0.187301587301587,0.889728096676737,0.854864433811802,0.641104294478528,0.723704866562009,0.677621283255086,0.0632911392405063,0.272024729520866,0.954838709677419,0.85,0.960122699386503,0.150234741784038,0.151840490797546,0.0495207667731629,0.958333333333333,0.94392523364486,0.889240506329114,0.507668711656442,0.0471698113207547,0.943338437978561,0.0444444444444444,0.308661417322835,0.548989113530327,0.721617418351477,0.0489296636085627,0.137540453074434,0.240063593004769,0.2272,0.0523809523809524
"2",0.764991896272285,1,0.952998379254457,0.100813008130081,0.497528830313015,0.644891122278057,0.996732026143791,0.522094926350245,0.741042345276873,0.10586319218241,0.964941569282137,0.57487922705314,0.873310810810811,0.631404958677686,0.0569105691056911,0.35426731078905,0.27841845140033,0.060702875399361,0.938538205980066,0.927884615384615,0.268057784911718,0.886762360446571,0.583892617449664,0.515702479338843,0.268533772652389,0.456026058631922,0.274247491638796,0.723856209150327,1,0.702614379084967,0.0392798690671031,0.719211822660099,0.998384491114701,0.736,0.444262295081967,0.643312101910828,0.59567387687188,0.854132901134522,0.93192868719611,0.902960526315789,0.278048780487805,0.0180032733224223,0.709784411276949,0.6096,0.734597156398104,0.0450751252086811,0.0749601275917065,0.258649093904448,0.751677852348993,0.702875399361022,0.658901830282862,0.263823064770932,0.278135048231511,0.7072,0.269949066213922,0.0761750405186386,0.313311688311688,0.948470209339775,0.25796178343949,0.36241610738255,0,0,0.250411861614498
"3",0.836734693877551,0.952998379254457,1,0.150234741784038,0.406995230524642,0.726677577741408,0.949206349206349,0.599364069952305,0.819047619047619,0.160063391442155,0.909235668789809,0.495341614906832,0.92741935483871,0.705977382875606,0.0218408736349454,0.294670846394984,0.195826645264847,0.111811023622047,0.979066022544283,0.979623824451411,0.184782608695652,0.822706065318818,0.523424878836834,0.435064935064935,0.181533646322379,0.386327503974563,0.188709677419355,0.811912225705329,0.953051643192488,0.77724358974359,0.00314465408805031,0.791469194312796,0.944178628389155,0.803125,0.363929146537842,0.712519319938176,0.671009771986971,0.821428571428571,0.8912,0.852895148669797,0.192,0.0747217806041336,0.783653846153846,0.681889763779528,0.814589665653495,0.0128617363344051,0.0217729393468118,0.188291139240506,0.830128205128205,0.785602503912363,0.736507936507937,0.321981424148607,0.200312989045383,0.785824345146379,0.2,0.123809523809524,0.362776025236593,0.891679748822606,0.189814814814815,0.299173553719008,0.0359375,0.0513643659711075,0.183279742765273
"4",0.325396825396825,0.100813008130081,0.150234741784038,1,0.4048,0.461414790996785,0.0888888888888889,0.587025316455696,0.365695792880259,0.973058637083994,0.0573770491803279,0.328173374613003,0.216612377850163,0.472668810289389,0.853968253968254,0.534700315457413,0.643086816720257,0.951334379905808,0.164251207729469,0.163265306122449,0.639318885448916,0.0473186119873817,0.319218241042345,0.372771474878444,0.640699523052464,0.441971383147854,0.615136876006441,0.364217252396166,0.0759493670886076,0.397456279809221,0.874403815580286,0.395866454689984,0.0940438871473354,0.344992050874404,0.450726978998384,0.456086286594761,0.516501650165016,0.171339563862928,0.0506329113924051,0.0770465489566613,0.61637239165329,0.938095238095238,0.394184168012924,0.482866043613707,0.350467289719626,0.856012658227848,0.842767295597484,0.642405063291139,0.359424920127796,0.391575663026521,0.452380952380952,0.818885448916409,0.632716049382716,0.396850393700787,0.637987012987013,0.979233226837061,0.756671899529042,0.0436817472698908,0.643302180685358,0.530377668308703,0.922955974842767,0.944170771756979,0.690938511326861
"5",0.210191082802548,0.497528830313015,0.406995230524642,0.4048,1,0.066884176182708,0.486133768352365,0,0.160453808752026,0.409385113268608,0.523577235772358,0.950078003120125,0.32013201320132,0.0865384615384615,0.608,0.901273885350318,0.814814814814815,0.452495974235105,0.395765472312704,0.401587301587302,0.817170111287758,0.618819776714514,0.929159802306425,0.970636215334421,0.821256038647343,0.998402555910543,0.818181818181818,0.149108589951378,0.492063492063492,0.137704918032787,0.573015873015873,0.146537842190016,0.498412698412698,0.184251968503937,0.983948635634029,0.0981308411214953,0.0662358642972536,0.638230647709321,0.551554828150573,0.564019448946515,0.846153846153846,0.443910256410256,0.13838550247117,0.0718849840255591,0.141287284144427,0.587761674718196,0.601895734597156,0.82051282051282,0.185245901639344,0.151033386327504,0.0845528455284553,0.216772151898734,0.8384,0.148969889064976,0.819397993311037,0.413570274636511,0.341232227488152,0.538827258320127,0.808777429467085,0.92358803986711,0.480582524271845,0.484751203852327,0.816993464052288
"6",0.897394136807818,0.644891122278057,0.726677577741408,0.461414790996785,0.066884176182708,1,0.652032520325203,0.954397394136808,0.937190082644628,0.472131147540984,0.603993344425957,0.1664,0.801003344481605,0.998344370860927,0.262903225806452,0.0016,0.0724876441515651,0.417197452229299,0.737018425460637,0.7136,0.0688,0.513470681458003,0.192629815745394,0.112227805695142,0.0655737704918033,0.0701468189233279,0.0766666666666667,0.943548387096774,0.645056726094003,0.944625407166124,0.289855072463768,0.945723684210526,0.646103896103896,0.929853181076672,0.0511182108626198,1,0.989915966386555,0.502446982055465,0.569558101472995,0.545751633986928,0.0443349753694581,0.407108239095315,0.962295081967213,0.990306946688207,0.940438871473354,0.259016393442623,0.263754045307443,0.0764227642276423,0.946843853820598,0.955555555555556,1,0.6752,0.0591054313099042,0.960191082802548,0.0653266331658292,0.453355155482815,0.683279742765273,0.584664536741214,0.0792393026941363,0.00168067226890756,0.381342062193126,0.369817578772803,0.0806451612903226
"7",0.76303317535545,0.996732026143791,0.949206349206349,0.0888888888888889,0.486133768352365,0.652032520325203,1,0.530903328050713,0.74203821656051,0.0948553054662379,0.970684039087948,0.57345971563981,0.865573770491803,0.631663974151858,0.0538827258320127,0.351181102362205,0.267628205128205,0.05229793977813,0.933665008291874,0.928571428571429,0.255813953488372,0.889235569422777,0.587939698492462,0.504918032786885,0.2672,0.451355661881978,0.270491803278689,0.73482428115016,1,0.707667731629393,0.0447284345047923,0.72520325203252,0.998405103668262,0.742448330683625,0.447882736156352,0.643533123028391,0.600654664484452,0.836248012718601,0.934747145187602,0.916006339144215,0.264090177133655,0.0178282009724473,0.714518760195759,0.615506329113924,0.7375,0.0524642289348172,0.073015873015873,0.257748776508972,0.748366013071895,0.711627906976744,0.662358642972536,0.270440251572327,0.273885350318471,0.714285714285714,0.260096930533118,0.0686900958466454,0.312,0.960443037974684,0.259904912836767,0.346089850249584,0.00317460317460317,0.00166112956810631,0.238562091503268
"8",0.793700787401575,0.522094926350245,0.599364069952305,0.587025316455696,0,0.954397394136808,0.530903328050713,1,0.857142857142857,0.587378640776699,0.47603305785124,0.0761904761904762,0.684210526315789,0.933333333333333,0.403877221324717,0.0750798722044728,0.158833063209076,0.549363057324841,0.609756097560976,0.596546310832025,0.160629921259843,0.3859375,0.102649006622517,0.0292207792207792,0.163723916532905,0.00161550888529887,0.154351395730706,0.873376623376623,0.51496062992126,0.873194221508828,0.424679487179487,0.883386581469649,0.5168,0.84044233807267,0.0112540192926045,0.928909952606635,0.958609271523179,0.384984025559105,0.446740858505564,0.425837320574163,0.135922330097087,0.542949756888169,0.89016393442623,0.950793650793651,0.875583203732504,0.404494382022472,0.402190923317684,0.15780998389694,0.841503267973856,0.870047543581617,0.939935064935065,0.779179810725552,0.148089171974522,0.877777777777778,0.150326797385621,0.583468395461912,0.683544303797468,0.455259026687598,0.167701863354037,0.0618892508143322,0.503961965134707,0.495145631067961,0.162337662337662
"9",0.960505529225908,0.741042345276873,0.819047619047619,0.365695792880259,0.160453808752026,0.937190082644628,0.74203821656051,0.857142857142857,1,0.365539452495974,0.713821138211382,0.252380952380952,0.887438825448613,0.935794542536116,0.164251207729469,0.0873634945397816,0,0.331230283911672,0.83739837398374,0.832012678288431,0,0.613003095975232,0.293637846655791,0.216393442622951,0,0.162717219589258,0,1,0.756756756756757,0.988727858293076,0.187898089171975,1,0.744,1,0.144012944983819,0.941548183254344,0.901453957996769,0.596850393700787,0.682258064516129,0.633870967741936,0.0192,0.294871794871795,0.998389694041868,0.91025641025641,1,0.178913738019169,0.167974882260597,0.00320512820512821,0.995073891625616,0.992211838006231,0.946428571428571,0.582417582417582,0,0.9921875,0,0.342443729903537,0.617554858934169,0.683544303797468,0,0.0789473684210526,0.270967741935484,0.257377049180328,0.00636942675159236
"10",0.332814930015552,0.10586319218241,0.160063391442155,0.973058637083994,0.409385113268608,0.472131147540984,0.0948553054662379,0.587378640776699,0.365539452495974,1,0.0596774193548387,0.331230283911672,0.249592169657423,0.483306836248013,0.85126582278481,0.524879614767255,0.63884430176565,0.935023771790808,0.162939297124601,0.181959564541213,0.628164556962025,0.0488188976377953,0.306320907617504,0.372771474878444,0.629337539432177,0.459069020866774,0.610932475884244,0.373015873015873,0.0854430379746835,0.395866454689984,0.86762360446571,0.394184168012924,0.103833865814696,0.364485981308411,0.458267716535433,0.463565891472868,0.514802631578947,0.173228346456693,0.0791139240506329,0.0982286634460548,0.601612903225806,0.93613707165109,0.402261712439418,0.500777604976672,0.361408882082695,0.852750809061489,0.832288401253918,0.64171974522293,0.364516129032258,0.401253918495298,0.4672,0.834365325077399,0.622496147919877,0.40506329113924,0.617647058823529,0.958333333333333,0.760869565217391,0.0676100628930818,0.639318885448916,0.51980198019802,0.92109500805153,0.931707317073171,0.67817896389325
"11",0.745571658615137,0.964941569282137,0.909235668789809,0.0573770491803279,0.523577235772358,0.603993344425957,0.970684039087948,0.47603305785124,0.713821138211382,0.0596774193548387,1,0.60377358490566,0.839255499153976,0.588235294117647,0.0935023771790808,0.395799676898223,0.276699029126214,0.0484652665589661,0.900826446280992,0.889423076923077,0.28525641025641,0.926984126984127,0.617200674536256,0.559865092748735,0.291734197730956,0.49415692821369,0.302134646962233,0.702439024390244,0.980707395498392,0.687086092715232,0.0807754442649435,0.702791461412151,0.965798045602606,0.728013029315961,0.48202614379085,0.617460317460317,0.555555555555556,0.856910569105691,0.945812807881773,0.922570016474465,0.293729372937294,0.0163132137030995,0.684729064039409,0.569823434991974,0.72972972972973,0.0952380952380952,0.104761904761905,0.274193548387097,0.724080267558528,0.684210526315789,0.613526570048309,0.22488038277512,0.290584415584416,0.678343949044586,0.282608695652174,0.0387722132471729,0.280507131537242,0.967845659163987,0.2796875,0.403010033444816,0.0243111831442464,0.0246305418719212,0.250409165302782
"12",0.306278713629403,0.57487922705314,0.495341614906832,0.328173374613003,0.950078003120125,0.1664,0.57345971563981,0.0761904761904762,0.252380952380952,0.331230283911672,0.60377358490566,1,0.397456279809221,0.17425431711146,0.5109375,0.809891808346213,0.713375796178344,0.361240310077519,0.474193548387097,0.480061349693252,0.732718894009217,0.700934579439252,0.982229402261712,0.93030794165316,0.730061349693252,0.926040061633282,0.735576923076923,0.25434439178515,0.57032457496136,0.236677115987461,0.477165354330709,0.244094488188976,0.567441860465116,0.2796875,0.90625,0.186081694402421,0.142172523961661,0.697674418604651,0.620904836193448,0.649452269170579,0.746456692913386,0.363777089783282,0.228070175438596,0.164383561643836,0.246932515337423,0.484423676012461,0.533742331288344,0.721518987341772,0.27724358974359,0.247311827956989,0.178849144634526,0.177099236641221,0.741486068111455,0.246596066565809,0.721698113207547,0.342229199372057,0.296923076923077,0.625954198473282,0.709035222052067,0.824590163934426,0.4078125,0.416666666666667,0.749603803486529
"13",0.92259083728278,0.873310810810811,0.92741935483871,0.216612377850163,0.32013201320132,0.801003344481605,0.865573770491803,0.684210526315789,0.887438825448613,0.249592169657423,0.839255499153976,0.397456279809221,1,0.790774299835255,0.0572831423895254,0.226984126984127,0.129194630872483,0.206219312602291,0.950738916256158,0.944983818770227,0.0940988835725678,0.739482200647249,0.422185430463576,0.343485617597293,0.106796116504854,0.308319738988581,0.125418060200669,0.884176182707993,0.865384615384615,0.853420195439739,0.0650406504065041,0.876823338735819,0.855048859934853,0.8816,0.272430668841762,0.804140127388535,0.758564437194127,0.741883116883117,0.810064935064935,0.772802653399668,0.120915032679739,0.163430420711974,0.867768595041322,0.771790808240888,0.890995260663507,0.0598705501618123,0.0515297906602254,0.117647058823529,0.893864013266998,0.855769230769231,0.814332247557003,0.413522012578616,0.118589743589744,0.859154929577465,0.129783693843594,0.200988467874794,0.45016077170418,0.800637958532695,0.115072933549433,0.231292517006803,0.125407166123779,0.129934210526316,0.116393442622951
"14",0.87758346581876,0.631404958677686,0.705977382875606,0.472668810289389,0.0865384615384615,0.998344370860927,0.631663974151858,0.933333333333333,0.935794542536116,0.483306836248013,0.588235294117647,0.17425431711146,0.790774299835255,1,0.275477707006369,0,0.0805152979066023,0.443740095087163,0.70840197693575,0.712460063897764,0.0784,0.502347417840376,0.212171052631579,0.136065573770492,0.0682539682539682,0.0990415335463259,0.0871710526315789,0.943639291465378,0.639109697933227,0.940032414910859,0.304975922953451,0.938610662358643,0.634028892455859,0.92741935483871,0.0661290322580645,0.99685534591195,0.985436893203884,0.496050552922591,0.561797752808989,0.535143769968051,0.0496794871794872,0.425361155698234,0.961730449251248,0.985668789808917,0.936728395061728,0.285714285714286,0.280314960629921,0.0807754442649435,0.933441558441558,0.953968253968254,0.996779388083736,0.680314960629921,0.0677165354330709,0.960567823343849,0.0728476821192053,0.459415584415584,0.719551282051282,0.575079872204473,0.0824261275272162,0,0.393841166936791,0.378512396694215,0.0850722311396469
"15",0.146875,0.0569105691056911,0.0218408736349454,0.853968253968254,0.608,0.262903225806452,0.0538827258320127,0.403877221324717,0.164251207729469,0.85126582278481,0.0935023771790808,0.5109375,0.0572831423895254,0.275477707006369,1,0.730829420970266,0.816720257234727,0.901743264659271,0.00484652665589661,0.00625978090766823,0.829192546583851,0.166666666666667,0.495176848874598,0.56957928802589,0.821036106750393,0.625,0.80655737704918,0.178125,0.0496,0.213375796178344,0.982919254658385,0.18370607028754,0.0591054313099042,0.17879746835443,0.643769968051118,0.273846153846154,0.304560260586319,0.211598746081505,0.110754414125201,0.13968253968254,0.813694267515924,0.919175911251981,0.197431781701445,0.304212168486739,0.169207317073171,0.998394863563403,1,0.831746031746032,0.146103896103896,0.2,0.247619047619048,0.669254658385093,0.817460317460317,0.197802197802198,0.816455696202532,0.876582278481013,0.60952380952381,0.1046875,0.824961948249619,0.728618421052632,0.96,0.947030497592295,0.838351822503962
"16",0.146189735614308,0.35426731078905,0.294670846394984,0.534700315457413,0.901273885350318,0.0016,0.351181102362205,0.0750798722044728,0.0873634945397816,0.524879614767255,0.395799676898223,0.809891808346213,0.226984126984127,0,0.730829420970266,1,0.8976,0.574074074074074,0.280448717948718,0.292117465224111,0.901840490797546,0.494607087827427,0.779552715654952,0.855987055016181,0.906396255850234,0.89622641509434,0.89776357827476,0.0805687203791469,0.354489164086687,0.0769230769230769,0.7,0.0825396825396825,0.343260188087774,0.0962145110410095,0.929245283018868,0.00305810397553517,0.0112,0.493730407523511,0.439370078740157,0.455399061032864,0.93522906793049,0.590697674418605,0.0595813204508857,0.0108527131782946,0.0811638591117917,0.72626582278481,0.726989079563182,0.901408450704225,0.0771704180064309,0.0660522273425499,0.00483091787439614,0.336434108527132,0.912037037037037,0.0633693972179289,0.907051282051282,0.546310832025118,0.295665634674923,0.422776911076443,0.894736842105263,1,0.615506329113924,0.6256,0.894819466248038
"17",0.0474683544303797,0.27841845140033,0.195826645264847,0.643086816720257,0.814814814814815,0.0724876441515651,0.267628205128205,0.158833063209076,0,0.63884430176565,0.276699029126214,0.713375796178344,0.129194630872483,0.0805152979066023,0.816720257234727,0.8976,1,0.671451355661882,0.185855263157895,0.191387559808612,0.998432601880878,0.378716744913928,0.677049180327869,0.759349593495935,0.998376623376623,0.804560260586319,0.998360655737705,0,0.249201277955272,0.0164744645799012,0.7984,0.00162337662337662,0.275806451612903,0,0.826580226904376,0.078740157480315,0.11404958677686,0.401587301587302,0.318979266347687,0.354471544715447,0.9744,0.699044585987261,0.00496688741721854,0.105769230769231,0,0.811783960720131,0.817749603803486,0.998384491114701,0.00165837479270315,0.0142857142857143,0.0760517799352751,0.446570972886762,0.996840442338073,0.0141287284144427,1,0.654281098546042,0.40095087163233,0.317965023847377,0.998430141287284,0.901528013582343,0.718901453957997,0.734761120263591,0.9952
"18",0.28129829984544,0.060702875399361,0.111811023622047,0.951334379905808,0.452495974235105,0.417197452229299,0.05229793977813,0.549363057324841,0.331230283911672,0.935023771790808,0.0484652665589661,0.361240310077519,0.206219312602291,0.443740095087163,0.901743264659271,0.574074074074074,0.671451355661882,1,0.1256038647343,0.129890453834116,0.665620094191523,0.0447530864197531,0.353503184713376,0.418006430868167,0.661971830985915,0.463607594936709,0.648692810457516,0.333333333333333,0.0503937007874016,0.355095541401274,0.887459807073955,0.344497607655502,0.0632911392405063,0.317034700315457,0.484177215189873,0.422187981510015,0.468051118210863,0.214953271028037,0.00792393026941363,0.029874213836478,0.66025641025641,0.9258114374034,0.364667747163695,0.465007776049767,0.320061255742726,0.889937106918239,0.871875,0.687106918238994,0.313725490196078,0.35548686244204,0.418856259659969,0.801261829652997,0.667701863354037,0.358346094946401,0.690163934426229,0.976038338658147,0.7339593114241,0.00622083981337481,0.689708141321045,0.572123176661264,0.94488188976378,0.954911433172303,0.709320695102686
"19",0.8544,0.938538205980066,0.979066022544283,0.164251207729469,0.395765472312704,0.737018425460637,0.933665008291874,0.609756097560976,0.83739837398374,0.162939297124601,0.900826446280992,0.474193548387097,0.950738916256158,0.70840197693575,0.00484652665589661,0.280448717948718,0.185855263157895,0.1256038647343,1,0.996747967479675,0.166139240506329,0.821371610845295,0.50655737704918,0.431147540983607,0.176282051282051,0.376221498371336,0.195325542570952,0.824590163934426,0.938709677419355,0.785947712418301,0.0159744408945687,0.804560260586319,0.929712460063898,0.817749603803486,0.34789644012945,0.734920634920635,0.695081967213115,0.79549114331723,0.87800963081862,0.843648208469055,0.193236714975845,0.0827814569536424,0.805921052631579,0.696062992125984,0.830721003134796,0.00333333333333333,0.00318471337579618,0.170212765957447,0.855241264559068,0.799687010954617,0.751623376623377,0.345541401273885,0.185185185185185,0.792063492063492,0.193708609271523,0.140776699029126,0.396496815286624,0.88301282051282,0.172684458398744,0.288333333333333,0.0561797752808989,0.0614617940199336,0.175609756097561
"20",0.858015267175573,0.927884615384615,0.979623824451411,0.163265306122449,0.401587301587302,0.7136,0.928571428571429,0.596546310832025,0.832012678288431,0.181959564541213,0.889423076923077,0.480061349693252,0.944983818770227,0.712460063897764,0.00625978090766823,0.292117465224111,0.191387559808612,0.129890453834116,0.996747967479675,1,0.181818181818182,0.811349693251534,0.5088,0.421052631578947,0.183544303797468,0.377535101404056,0.196110210696921,0.81619937694704,0.933021806853583,0.78740157480315,0.0237341772151899,0.808544303797468,0.92018779342723,0.814528593508501,0.3584,0.71850699844479,0.68312101910828,0.788819875776398,0.868670886075949,0.843601895734597,0.193396226415094,0.0987654320987654,0.794453507340946,0.680061823802164,0.824159021406728,0.0110062893081761,0.00925925925925926,0.176656151419558,0.847266881028939,0.790697674418605,0.743670886075949,0.342592592592593,0.183385579937304,0.792511700468019,0.1856,0.140822784810127,0.383540372670807,0.876947040498442,0.184615384615385,0.298869143780291,0.0545746388443018,0.0707395498392283,0.180379746835443
"21",0.046583850931677,0.268057784911718,0.184782608695652,0.639318885448916,0.817170111287758,0.0688,0.255813953488372,0.160629921259843,0,0.628164556962025,0.28525641025641,0.732718894009217,0.0940988835725678,0.0784,0.829192546583851,0.901840490797546,0.998432601880878,0.665620094191523,0.166139240506329,0.181818181818182,1,0.390577507598784,0.694136291600634,0.766929133858268,1,0.818611987381703,1,0.00154798761609907,0.242990654205607,0.0188087774294671,0.814173228346457,0,0.258566978193146,0.00153846153846154,0.834115805946792,0.0703363914373089,0.109872611464968,0.389057750759878,0.321316614420063,0.359497645211931,0.979591836734694,0.702325581395349,0.00471698113207547,0.106811145510836,0,0.830427892234548,0.826219512195122,0.998430141287284,0.00158982511923688,0.0168970814132104,0.0726429675425039,0.436834094368341,0.993846153846154,0.015220700152207,0.996794871794872,0.64797507788162,0.399075500770416,0.327160493827161,1,0.905785123966942,0.735433070866142,0.735759493670886,0.996850393700787
"22",0.648233486943164,0.886762360446571,0.822706065318818,0.0473186119873817,0.618819776714514,0.513470681458003,0.889235569422777,0.3859375,0.613003095975232,0.0488188976377953,0.926984126984127,0.700934579439252,0.739482200647249,0.502347417840376,0.166666666666667,0.494607087827427,0.378716744913928,0.0447530864197531,0.821371610845295,0.811349693251534,0.390577507598784,1,0.726247987117552,0.658692185007974,0.391849529780564,0.600315955766193,0.421052631578947,0.61259842519685,0.905132192846034,0.579527559055118,0.169014084507042,0.591414944356121,0.886792452830189,0.619047619047619,0.574803149606299,0.516768292682927,0.471698113207547,0.815503875968992,0.957547169811321,0.94620253164557,0.41259842519685,0.0826833073322933,0.5776,0.471582181259601,0.618834080717489,0.1743264659271,0.188180404354588,0.377567140600316,0.6224,0.585253456221198,0.51875,0.127527216174184,0.38785046728972,0.568778979907264,0.379032258064516,0.021875,0.227554179566563,0.950920245398773,0.379416282642089,0.495192307692308,0.0933125972006221,0.0801282051282051,0.328050713153724
"23",0.349761526232114,0.583892617449664,0.523424878836834,0.319218241042345,0.929159802306425,0.192629815745394,0.587939698492462,0.102649006622517,0.293637846655791,0.306320907617504,0.617200674536256,0.982229402261712,0.422185430463576,0.212171052631579,0.495176848874598,0.779552715654952,0.677049180327869,0.353503184713376,0.50655737704918,0.5088,0.694136291600634,0.726247987117552,1,0.928221859706362,0.6864,0.905691056910569,0.707154742096506,0.28735632183908,0.590614886731392,0.267100977198697,0.462519936204147,0.276315789473684,0.585924713584288,0.303715670436187,0.885191347753744,0.2128,0.174708818635607,0.691318327974277,0.65,0.667752442996743,0.716369529983793,0.3648,0.260504201680672,0.187898089171975,0.280507131537242,0.472727272727273,0.500813008130081,0.688524590163934,0.31986531986532,0.272870662460568,0.202995008319468,0.188589540412044,0.70873786407767,0.272141706924316,0.68099173553719,0.311688311688312,0.3216,0.643769968051118,0.676236044657097,0.809847198641766,0.387254901960784,0.40495867768595,0.70655737704918
"24",0.247191011235955,0.515702479338843,0.435064935064935,0.372771474878444,0.970636215334421,0.112227805695142,0.504918032786885,0.0292207792207792,0.216393442622951,0.372771474878444,0.559865092748735,0.93030794165316,0.343485617597293,0.136065573770492,0.56957928802589,0.855987055016181,0.759349593495935,0.418006430868167,0.431147540983607,0.421052631578947,0.766929133858268,0.658692185007974,0.928221859706362,1,0.770465489566613,0.964169381107492,0.782178217821782,0.196428571428571,0.525285481239804,0.175409836065574,0.531914893617021,0.193181818181818,0.521809369951535,0.231017770597738,0.940129449838188,0.136363636363636,0.106732348111658,0.602893890675241,0.571197411003236,0.587561374795417,0.799352750809062,0.418416801292407,0.185430463576159,0.108589951377634,0.178515007898894,0.563517915309446,0.5728,0.767213114754098,0.242524916943522,0.193910256410256,0.135537190082645,0.240445859872611,0.790996784565916,0.202572347266881,0.783112582781457,0.383360522022838,0.387722132471729,0.56661316211878,0.759615384615385,0.882352941176471,0.451986754966887,0.463815789473684,0.764026402640264
"25",0.0434108527131783,0.268533772652389,0.181533646322379,0.640699523052464,0.821256038647343,0.0655737704918033,0.2672,0.163723916532905,0,0.629337539432177,0.291734197730956,0.730061349693252,0.106796116504854,0.0682539682539682,0.821036106750393,0.906396255850234,0.998376623376623,0.661971830985915,0.176282051282051,0.183544303797468,1,0.391849529780564,0.6864,0.770465489566613,1,0.819047619047619,1,0.00158730158730159,0.253565768621236,0.0176565008025682,0.807874015748032,0,0.264752791068581,0.00155763239875389,0.838095238095238,0.0670826833073323,0.101639344262295,0.389324960753532,0.32484076433121,0.367924528301887,0.97444089456869,0.703001579778831,0.00162866449511401,0.0970266040688576,0,0.818181818181818,0.82574568288854,0.998402555910543,0.00485436893203883,0.0140405616224649,0.0681458003169572,0.431962025316456,0.996870109546166,0.0170278637770898,0.996732026143791,0.653061224489796,0.392125984251968,0.322932917316693,1,0.912685337726524,0.726114649681529,0.735056542810985,0.995169082125604
"26",0.208530805687204,0.456026058631922,0.386327503974563,0.441971383147854,0.998402555910543,0.0701468189233279,0.451355661881978,0.00161550888529887,0.162717219589258,0.459069020866774,0.49415692821369,0.926040061633282,0.308319738988581,0.0990415335463259,0.625,0.89622641509434,0.804560260586319,0.463607594936709,0.376221498371336,0.377535101404056,0.818611987381703,0.600315955766193,0.905691056910569,0.964169381107492,0.819047619047619,1,0.819672131147541,0.159935379644588,0.4671875,0.140575079872204,0.596491228070175,0.149038461538462,0.455555555555556,0.182103610675039,0.977742448330684,0.103395061728395,0.0684039087947883,0.598116169544741,0.523274478330658,0.550860719874804,0.839116719242902,0.482758620689655,0.140776699029126,0.0775316455696203,0.145929339477727,0.604465709728868,0.622464898595944,0.821829855537721,0.194762684124386,0.153605015673981,0.0956937799043062,0.259375,0.829652996845426,0.153139356814701,0.824675324675325,0.4484375,0.364485981308411,0.5229793977813,0.806201550387597,0.925496688741722,0.514240506329114,0.523577235772358,0.8171875
"27",0.0531400966183575,0.274247491638796,0.188709677419355,0.615136876006441,0.818181818181818,0.0766666666666667,0.270491803278689,0.154351395730706,0,0.610932475884244,0.302134646962233,0.735576923076923,0.125418060200669,0.0871710526315789,0.80655737704918,0.89776357827476,0.998360655737705,0.648692810457516,0.195325542570952,0.196110210696921,1,0.421052631578947,0.707154742096506,0.782178217821782,1,0.819672131147541,1,0.00162866449511401,0.258012820512821,0.0129659643435981,0.796445880452342,0,0.275526742301459,0.00161812297734628,0.830645161290323,0.0731319554848967,0.10981697171381,0.397129186602871,0.342105263157895,0.388157894736842,0.973684210526316,0.693418940609952,0.00332778702163062,0.108974358974359,0,0.806873977086743,0.803542673107891,0.996726677577741,0.00503355704697987,0.0112540192926045,0.0693069306930693,0.423622047244094,0.993506493506494,0.0160513643659711,0.99672131147541,0.62741935483871,0.386687797147385,0.349258649093904,1,0.904841402337229,0.71474358974359,0.720465890183028,0.993464052287582
"28",0.955905511811024,0.723856209150327,0.811912225705329,0.364217252396166,0.149108589951378,0.943548387096774,0.73482428115016,0.873376623376623,1,0.373015873015873,0.702439024390244,0.25434439178515,0.884176182707993,0.943639291465378,0.178125,0.0805687203791469,0,0.333333333333333,0.824590163934426,0.81619937694704,0.00154798761609907,0.61259842519685,0.28735632183908,0.196428571428571,0.00158730158730159,0.159935379644588,0.00162866449511401,1,0.746031746031746,0.993569131832797,0.192368839427663,0.998394863563403,0.728706624605678,1,0.142857142857143,0.9484375,0.907348242811502,0.590909090909091,0.679425837320574,0.640575079872205,0.0207006369426752,0.3088,0.998366013071895,0.911811023622047,1,0.177705977382876,0.16984126984127,0.00159744408945687,0.998360655737705,0.995334370139969,0.948717948717949,0.575899843505477,0,0.992283950617284,0,0.3515625,0.589456869009585,0.681458003169572,0.0015552099533437,0.0752864157119476,0.2736,0.270358306188925,0.00317965023847377
"29",0.786729857819905,1,0.953051643192488,0.0759493670886076,0.492063492063492,0.645056726094003,1,0.51496062992126,0.756756756756757,0.0854430379746835,0.980707395498392,0.57032457496136,0.865384615384615,0.639109697933227,0.0496,0.354489164086687,0.249201277955272,0.0503937007874016,0.938709677419355,0.933021806853583,0.242990654205607,0.905132192846034,0.590614886731392,0.525285481239804,0.253565768621236,0.4671875,0.258012820512821,0.746031746031746,1,0.717665615141956,0.0469483568075117,0.729468599033816,1,0.758998435054773,0.451664025356577,0.650769230769231,0.596747967479675,0.8578125,0.941082802547771,0.915993537964459,0.2608,0.014218009478673,0.721153846153846,0.610248447204969,0.756468797564688,0.0493630573248408,0.0684292379471229,0.246835443037975,0.768982229402262,0.723704866562009,0.659163987138264,0.2578125,0.256369426751592,0.728527607361963,0.250403877221325,0.0627943485086342,0.30564263322884,0.9578125,0.248097412480974,0.363486842105263,0,0,0.221337579617834
"30",0.941176470588235,0.702614379084967,0.77724358974359,0.397456279809221,0.137704918032787,0.944625407166124,0.707667731629393,0.873194221508828,0.988727858293076,0.395866454689984,0.687086092715232,0.236677115987461,0.853420195439739,0.940032414910859,0.213375796178344,0.0769230769230769,0.0164744645799012,0.355095541401274,0.785947712418301,0.78740157480315,0.0188087774294671,0.579527559055118,0.267100977198697,0.175409836065574,0.0176565008025682,0.140575079872204,0.0129659643435981,0.993569131832797,0.717665615141956,1,0.232,0.985553772070626,0.696485623003195,0.984544049459042,0.127009646302251,0.951334379905808,0.91025641025641,0.589905362776025,0.659677419354839,0.612179487179487,0.0289855072463768,0.336507936507937,0.998360655737705,0.912974683544304,0.986153846153846,0.211690363349131,0.20440251572327,0.0175438596491228,0.98202614379085,1,0.953376205787781,0.580343213728549,0.014218009478673,0.995230524642289,0.0148026315789474,0.373417721518987,0.6,0.654088050314465,0.0204081632653061,0.0755336617405583,0.304278922345483,0.300813008130081,0.0260586319218241
"31",0.176838810641628,0.0392798690671031,0.00314465408805031,0.874403815580286,0.573015873015873,0.289855072463768,0.0447284345047923,0.424679487179487,0.187898089171975,0.86762360446571,0.0807754442649435,0.477165354330709,0.0650406504065041,0.304975922953451,0.982919254658385,0.7,0.7984,0.887459807073955,0.0159744408945687,0.0237341772151899,0.814173228346457,0.169014084507042,0.462519936204147,0.531914893617021,0.807874015748032,0.596491228070175,0.796445880452342,0.192368839427663,0.0469483568075117,0.232,1,0.207729468599034,0.050314465408805,0.196232339089482,0.61648177496038,0.29874213836478,0.335483870967742,0.176470588235294,0.113964686998395,0.14968152866242,0.792544570502431,0.942947702060222,0.221337579617834,0.328100470957614,0.195348837209302,0.996774193548387,0.98740157480315,0.808,0.176661264181524,0.224489795918367,0.270531400966184,0.679012345679012,0.797805642633229,0.222222222222222,0.799342105263158,0.891025641025641,0.621236133122029,0.105939004815409,0.803100775193798,0.696517412935323,0.971698113207547,0.955414012738854,0.814516129032258
"32",0.949206349206349,0.719211822660099,0.791469194312796,0.395866454689984,0.146537842190016,0.945723684210526,0.72520325203252,0.883386581469649,1,0.394184168012924,0.702791461412151,0.244094488188976,0.876823338735819,0.938610662358643,0.18370607028754,0.0825396825396825,0.00162337662337662,0.344497607655502,0.804560260586319,0.808544303797468,0,0.591414944356121,0.276315789473684,0.193181818181818,0,0.149038461538462,0,0.998394863563403,0.729468599033816,0.985553772070626,0.207729468599034,1,0.714968152866242,0.998422712933754,0.1392,0.941823899371069,0.916256157635468,0.593650793650794,0.671497584541063,0.627831715210356,0.0209339774557166,0.324324324324324,0.996672212978369,0.913461538461538,1,0.196694214876033,0.187898089171975,0.0016025641025641,0.995137763371151,0.985781990521327,0.94345718901454,0.576323987538941,0.00315955766192733,0.985981308411215,0.00328947368421053,0.363924050632911,0.59967845659164,0.667197452229299,0,0.0742574257425743,0.298387096774194,0.291803278688525,0.00325732899022801
"33",0.763693270735524,0.998384491114701,0.944178628389155,0.0940438871473354,0.498412698412698,0.646103896103896,0.998405103668262,0.5168,0.744,0.103833865814696,0.965798045602606,0.567441860465116,0.855048859934853,0.634028892455859,0.0591054313099042,0.343260188087774,0.275806451612903,0.0632911392405063,0.929712460063898,0.92018779342723,0.258566978193146,0.886792452830189,0.585924713584288,0.521809369951535,0.264752791068581,0.455555555555556,0.275526742301459,0.728706624605678,1,0.696485623003195,0.050314465408805,0.714968152866242,1,0.736507936507937,0.446708463949843,0.6453125,0.600644122383253,0.830963665086888,0.9312,0.898251192368839,0.279293739967897,0.0207336523125997,0.702922077922078,0.613354037267081,0.743348982785602,0.0578778135048231,0.0763239875389408,0.254372019077901,0.74512987012987,0.705047318611987,0.657450076804916,0.289230769230769,0.27602523659306,0.702492211838006,0.269168026101142,0.0729001584786054,0.347003154574132,0.950479233226837,0.263482280431433,0.356209150326797,0.00158227848101266,0.0016260162601626,0.2368
"34",0.956589147286822,0.736,0.803125,0.344992050874404,0.184251968503937,0.929853181076672,0.742448330683625,0.84044233807267,1,0.364485981308411,0.728013029315961,0.2796875,0.8816,0.92741935483871,0.17879746835443,0.0962145110410095,0,0.317034700315457,0.817749603803486,0.814528593508501,0.00153846153846154,0.619047619047619,0.303715670436187,0.231017770597738,0.00155763239875389,0.182103610675039,0.00161812297734628,1,0.758998435054773,0.984544049459042,0.196232339089482,0.998422712933754,0.736507936507937,1,0.171474358974359,0.927244582043344,0.893376413570275,0.611197511664075,0.679245283018868,0.645056726094003,0.0221169036334913,0.294488188976378,1,0.896923076923077,1,0.178963893249608,0.175465838509317,0.00317965023847377,0.996789727126806,0.989164086687306,0.935897435897436,0.557453416149068,0.00155763239875389,0.989180834621329,0,0.342356687898089,0.596625766871166,0.687697160883281,0.00154559505409583,0.0957792207792208,0.268025078369906,0.261755485893417,0.00316957210776545
"35",0.187301587301587,0.444262295081967,0.363929146537842,0.450726978998384,0.983948635634029,0.0511182108626198,0.447882736156352,0.0112540192926045,0.144012944983819,0.458267716535433,0.48202614379085,0.90625,0.272430668841762,0.0661290322580645,0.643769968051118,0.929245283018868,0.826580226904376,0.484177215189873,0.34789644012945,0.3584,0.834115805946792,0.574803149606299,0.885191347753744,0.940129449838188,0.838095238095238,0.977742448330684,0.830645161290323,0.142857142857143,0.451664025356577,0.127009646302251,0.61648177496038,0.1392,0.446708463949843,0.171474358974359,1,0.0811232449297972,0.0479338842975207,0.574603174603175,0.513029315960912,0.528180354267311,0.864077669902913,0.502369668246445,0.122314049586777,0.0536277602523659,0.128086419753086,0.62962962962963,0.652647975077882,0.82615629984051,0.163333333333333,0.137285491419657,0.0693548387096774,0.262992125984252,0.856025039123631,0.134796238244514,0.836902800658979,0.452076677316294,0.324409448818898,0.503134796238245,0.831007751937984,0.936666666666667,0.531948881789137,0.545454545454545,0.83974358974359
"36",0.889728096676737,0.643312101910828,0.712519319938176,0.456086286594761,0.0981308411214953,1,0.643533123028391,0.928909952606635,0.941548183254344,0.463565891472868,0.617460317460317,0.186081694402421,0.804140127388535,0.99685534591195,0.273846153846154,0.00305810397553517,0.078740157480315,0.422187981510015,0.734920634920635,0.71850699844479,0.0703363914373089,0.516768292682927,0.2128,0.136363636363636,0.0670826833073323,0.103395061728395,0.0731319554848967,0.9484375,0.650769230769231,0.951334379905808,0.29874213836478,0.941823899371069,0.6453125,0.927244582043344,0.0811232449297972,1,0.984051036682616,0.506955177743431,0.575039494470774,0.550156739811912,0.0476923076923077,0.401854714064915,0.964630225080386,0.986196319018405,0.94311377245509,0.262910798122066,0.270928462709285,0.0700934579439252,0.944356120826709,0.954968944099379,1,0.664624808575804,0.0593607305936073,0.957317073170732,0.0650793650793651,0.442040185471406,0.698461538461538,0.582568807339449,0.0758725341426404,0.00163398692810458,0.383540372670807,0.367670364500792,0.0755905511811024
"37",0.854864433811802,0.59567387687188,0.671009771986971,0.516501650165016,0.0662358642972536,0.989915966386555,0.600654664484452,0.958609271523179,0.901453957996769,0.514802631578947,0.555555555555556,0.142172523961661,0.758564437194127,0.985436893203884,0.304560260586319,0.0112,0.11404958677686,0.468051118210863,0.695081967213115,0.68312101910828,0.109872611464968,0.471698113207547,0.174708818635607,0.106732348111658,0.101639344262295,0.0684039087947883,0.10981697171381,0.907348242811502,0.596747967479675,0.91025641025641,0.335483870967742,0.916256157635468,0.600644122383253,0.893376413570275,0.0479338842975207,0.984051036682616,1,0.448494453248811,0.522094926350245,0.498355263157895,0.0800653594771242,0.453957996768982,0.940594059405941,1,0.907496012759171,0.316309719934102,0.305111821086262,0.106280193236715,0.914715719063545,0.922204213938412,0.985436893203884,0.733652312599681,0.0974025974025974,0.926634768740032,0.095959595959596,0.50814332247557,0.759289176090469,0.532467532467532,0.112179487179487,0.01,0.427406199021207,0.415410385259631,0.11400651465798
