"","V1","V2","V3","V4","V5","V6","V7","V8","V9","V10","V11","V12","V13","V14","V15","V16","V17","V18","V19","V20","V21","V22","V23","V24","V25","V26","V27","V28","V29","V30","V31","V32","V33","V34","V35","V36","V37","V38","V39","V40","V41","V42","V43","V44","V45","V46","V47","V48","V49","V50","V51","V52","V53","V54","V55","V56","V57","V58","V59","V60","V61","V62","V63"
"1",1,0.113452188006483,0.65149136577708,0,0,0.405537459283388,0.65086887835703,0.362204724409449,0.480252764612954,0.19751166407465,0.581320450885668,0,0.783570300157978,0.372019077901431,0,0,0,0,0.6384,0.650381679389313,0,0,0,0,0,0,0,0.507086614173228,0.638230647709321,0.445151033386327,0,0.493650793650794,0.126760563380282,0.533333333333333,0,0.374622356495468,0.342902711323764,0.699386503067485,0.554160125588697,0.485133020344288,0,0,0.414516129032258,0.3625,0.501533742331288,0,0,0,0.482371794871795,0.451713395638629,0.409810126582278,0.337423312883436,0,0.39509954058193,0,0,0.326594090202177,0.514774494556765,0,0.325242718446602,0,0,0
"2",0.113452188006483,1,0.153970826580227,0,0.871499176276771,0.0318257956448911,0.17483660130719,0.0130932896890344,0.123778501628664,0,0.113522537562604,0.890499194847021,0.108108108108108,0.031404958677686,0,0.859903381642512,0,0,0.134551495016611,0.125,0.113964686998395,0.870813397129187,0.850671140939597,0.869421487603306,0.102141680395387,0.863192182410424,0.0284280936454849,0.117647058823529,0.148450244698206,0.117647058823529,0,0.121510673234811,0.831987075928918,0.1488,0.845901639344262,0.0286624203821656,0.00998336106489185,0.209076175040519,0.100486223662885,0.21875,0.139837398373984,0,0.0281923714759536,0.0112,0.135860979462875,0,0,0,0.12248322147651,0.110223642172524,0.00998336106489185,0.00947867298578199,0.836012861736334,0.0304,0.0271646859083192,0,0.00974025974025974,0.375201288244767,0,0.327181208053691,0,0,0
"3",0.65149136577708,0.153970826580227,1,0,0.0365659777424483,0.0310965630114566,1,0.00158982511923688,0.1,0,0.976114649681529,0.0372670807453416,0.990322580645161,0.0323101777059774,0,0.0360501567398119,0,0,0.995169082125604,0.973354231974922,0,0.0295489891135303,0.0306946688206785,0.0308441558441558,0,0.0365659777424483,0,0.134796238244514,0.998435054773083,0.102564102564103,0,0.14218009478673,0.157894736842105,0.8234375,0.0273752012882448,0.0247295208655332,0,0.908385093167702,0.9392,0.82472613458529,0,0,0.0192307692307692,0.0047244094488189,0.150455927051672,0,0,0,0.136217948717949,0.0923317683881064,0.0142857142857143,0.00154798761609907,0.0250391236306729,0.0323574730354391,0,0,0,0.750392464678179,0,0.583471074380165,0,0,0
"4",0,0,0,1,0,0.0691318327974277,0,0.110759493670886,0.00485436893203883,0.538827258320127,0,0,0,0.0836012861736334,0.841269841269841,0,0.837620578778135,0.858712715855573,0,0.0313971742543171,0.727554179566563,0,0.00162866449511401,0,0.72972972972973,0.00158982511923688,0.792270531400966,0,0,0.0747217806041336,0.871224165341812,0,0,0,0,0.0816640986132511,0.0924092409240924,0,0,0.0690208667736758,0.619582664526485,0.915873015873016,0.0403877221324717,0.0919003115264797,0,0.856012658227848,0.860062893081761,0.833860759493671,0,0.0078003120124805,0.0428571428571429,0.117647058823529,0.00154320987654321,0.0724409448818898,0.798701298701299,0.889776357827476,0.172684458398744,0,0.827102803738318,0.00164203612479475,0.871069182389937,0.881773399014778,0.846278317152104
"5",0,0.871499176276771,0.0365659777424483,0,1,0,0.0424143556280587,0,0,0,0.0552845528455285,0.996879875195008,0.00495049504950495,0,0.0032,0.990445859872611,0.00483091787439614,0.00322061191626409,0.00814332247557003,0.00317460317460317,0.179650238473768,1,1,1,0.169082125603865,0.996805111821086,0.0373376623376623,0,0.0333333333333333,0,0,0,0.906349206349206,0.0047244094488189,1,0,0,0.137440758293839,0.0981996726677578,0.0988654781199352,0.225961538461538,0,0,0,0,0.00161030595813205,0.00157977883096367,0.00480769230769231,0,0,0,0,0.9872,0,0.0334448160535117,0,0,0.304278922345483,0.00470219435736677,0.428571428571429,0,0,0.00326797385620915
"6",0.405537459283388,0.0318257956448911,0.0310965630114566,0.0691318327974277,0,1,0.0195121951219512,0.985342019543974,0.922314049586777,0.542622950819672,0.0199667221297837,0,0.0501672240802676,1,0,0,0,0.00318471337579618,0.0351758793969849,0.0256,0,0,0,0,0,0,0,0.906451612903226,0.0226904376012966,0.871335504885994,0.00161030595813205,0.898026315789474,0.00811688311688312,0.194127243066884,0,0.998415213946117,0.988235294117647,0.00815660685154975,0.00818330605564648,0.0245098039215686,0,0.0936995153473344,1,0.988691437802908,0.88871473354232,0,0,0,0.897009966777409,0.933333333333333,1,0.968,0,1,0,0.027823240589198,0.913183279742765,0.0271565495207668,0,0,0.0016366612111293,0.00165837479270315,0
"7",0.65086887835703,0.17483660130719,1,0,0.0424143556280587,0.0195121951219512,1,0,0.116242038216561,0,0.97557003257329,0.0473933649289099,0.980327868852459,0.024232633279483,0,0.0409448818897638,0,0,0.993366500829187,0.976190476190476,0,0.0390015600624025,0.0351758793969849,0.0311475409836066,0,0.0430622009569378,0,0.138977635782748,1,0.110223642172524,0,0.146341463414634,0.167464114832536,0.825119236883943,0.0374592833876222,0.0141955835962145,0,0.920508744038156,0.938009787928222,0.832012678288431,0.00161030595813205,0,0.0163132137030995,0.00316455696202532,0.1609375,0,0,0,0.142156862745098,0.102325581395349,0.00969305331179321,0,0.0302547770700637,0.0204081632653061,0,0,0,0.753164556962025,0,0.582362728785358,0,0,0
"8",0.362204724409449,0.0130932896890344,0.00158982511923688,0.110759493670886,0,0.985342019543974,0,1,0.86984126984127,0.592233009708738,0,0,0.0180921052631579,0.985365853658537,0.00484652665589661,0,0.00324149108589951,0.00955414012738853,0.00813008130081301,0,0.0062992125984252,0,0,0,0.00481540930979133,0,0,0.849025974025974,0,0.825040128410915,0.0176282051282051,0.848242811501597,0.0016,0.164296998420221,0,0.987361769352291,1,0,0,0.00318979266347687,0,0.147487844408428,0.988524590163934,0.998412698412698,0.824261275272162,0.00802568218298555,0.00938967136150235,0.00161030595813205,0.849673202614379,0.884310618066561,0.993506493506494,0.996845425867508,0,0.987301587301587,0,0.0583468395461912,0.941455696202532,0,0.0015527950310559,0,0.0206022187004754,0.0194174757281553,0.00487012987012987
"9",0.480252764612954,0.123778501628664,0.1,0.00485436893203883,0,0.922314049586777,0.116242038216561,0.86984126984127,1,0.436392914653784,0.0617886178861789,0,0.133768352365416,0.895666131621188,0,0,0,0,0.11869918699187,0.112519809825674,0,0,0,0,0,0,0,0.984025559105431,0.0985691573926868,0.938808373590982,0,0.980676328502415,0.0336,0.308544303797468,0,0.900473933649289,0.888529886914378,0.062992125984252,0.0516129032258065,0.125806451612903,0,0.00480769230769231,0.950080515297907,0.895833333333333,0.979969183359014,0,0,0,0.981937602627258,1,0.941558441558442,0.864992150706436,0,0.9109375,0,0.00160771704180064,0.818181818181818,0.117088607594937,0,0,0,0,0
"10",0.19751166407465,0,0,0.538827258320127,0,0.542622950819672,0,0.592233009708738,0.436392914653784,1,0,0,0,0.548489666136725,0.359177215189873,0,0.357945425361156,0.375594294770206,0,0.0326594090202177,0.354430379746835,0,0.00162074554294976,0,0.359621451104101,0.00160513643659711,0.326366559485531,0.441269841269841,0,0.523052464228935,0.411483253588517,0.408723747980614,0.00159744408945687,0.00311526479750779,0,0.544186046511628,0.577302631578947,0,0,0.07085346215781,0.232258064516129,0.514018691588785,0.515347334410339,0.581648522550544,0.422664624808576,0.247572815533981,0.393416927899687,0.345541401273885,0.416129032258065,0.454545454545455,0.616,0.588235294117647,0.00462249614791988,0.550632911392405,0.305555555555556,0.434294871794872,0.644409937888199,0,0.363777089783282,0,0.405797101449275,0.4,0.387755102040816
"11",0.581320450885668,0.113522537562604,0.976114649681529,0,0.0552845528455285,0.0199667221297837,0.97557003257329,0,0.0617886178861789,0,1,0.0644654088050314,0.964467005076142,0.0245098039215686,0,0.0646203554119548,0,0,0.968595041322314,0.956730769230769,0.0256410256410256,0.0603174603174603,0.06070826306914,0.0489038785834739,0.0243111831442464,0.0634390651085142,0.0147783251231527,0.0959349593495935,0.977491961414791,0.0513245033112583,0,0.09688013136289,0.141693811074919,0.788273615635179,0.065359477124183,0.0142857142857143,0,0.894308943089431,0.935960591133005,0.817133443163097,0.0264026402640264,0,0.00985221674876847,0.00160513643659711,0.104928457869634,0,0,0,0.0919732441471572,0.0574162679425837,0.0112721417069243,0,0.0487012987012987,0.0207006369426752,0,0,0,0.709003215434084,0,0.618729096989967,0,0,0
"12",0,0.890499194847021,0.0372670807453416,0,0.996879875195008,0,0.0473933649289099,0,0,0,0.0644654088050314,1,0.0095389507154213,0,0.0015625,0.989180834621329,0.00159235668789809,0.00155038759689922,0.0112903225806452,0.00920245398773006,0.172043010752688,1,0.995153473344103,1,0.161042944785276,0.996918335901387,0.0416666666666667,0,0.0370942812982998,0,0,0,0.903875968992248,0.0125,0.9953125,0,0,0.128682170542636,0.0951638065522621,0.0938967136150235,0.209448818897638,0,0,0,0,0,0,0.00158227848101266,0,0,0,0,0.979876160990712,0,0.0314465408805031,0,0,0.293129770992366,0.00153139356814701,0.4,0,0,0.00158478605388273
"13",0.783570300157978,0.108108108108108,0.990322580645161,0,0.00495049504950495,0.0501672240802676,0.980327868852459,0.0180921052631579,0.133768352365416,0,0.964467005076142,0.0095389507154213,1,0.0510708401976936,0,0.0111111111111111,0,0,0.993431855500821,0.983818770226537,0,0.0113268608414239,0.00662251655629139,0,0,0.0065252854812398,0,0.156606851549755,0.985576923076923,0.0993485342019544,0,0.166936790923825,0.156351791530945,0.8256,0.00163132137030995,0.0445859872611465,0.0179445350734095,0.902597402597403,0.925324675324675,0.810945273631841,0,0,0.0413223140495868,0.0158478605388273,0.170616113744076,0,0,0,0.150912106135987,0.108974358974359,0.0358306188925081,0.020440251572327,0,0.0500782472613459,0,0,0,0.738437001594896,0,0.55952380952381,0,0,0
"14",0.372019077901431,0.031404958677686,0.0323101777059774,0.0836012861736334,0,1,0.024232633279483,0.985365853658537,0.895666131621188,0.548489666136725,0.0245098039215686,0,0.0510708401976936,1,0,0,0,0.00316957210776545,0.042833607907743,0.0287539936102236,0,0,0,0,0,0,0,0.872785829307568,0.027027027027027,0.844408427876823,0.00321027287319422,0.87075928917609,0.00642054574638844,0.193548387096774,0,1,0.983818770226537,0.00947867298578199,0.00963081861958266,0.023961661341853,0,0.120385232744783,1,0.985668789808917,0.854938271604938,0,0,0,0.878246753246753,0.912698412698413,1,0.966929133858268,0,1,0,0.0373376623376623,0.915064102564103,0.0335463258785942,0,0,0.00324149108589951,0.00165289256198347,0
"15",0,0,0,0.841269841269841,0.0032,0,0,0.00484652665589661,0,0.359177215189873,0,0.0015625,0,0,1,0.00312989045383412,0.991961414790997,0.995245641838352,0,0,0.714285714285714,0,0.00482315112540193,0,0.718995290423862,0,0.932786885245902,0,0,0,0.972049689440994,0,0,0,0.00479233226837061,0,0.00162866449511401,0.0360501567398119,0,0.00158730158730159,0.754777070063694,0.866877971473851,0,0.0046801872074883,0,0.995184590690209,0.984375,0.998412698412698,0,0,0,0.0077639751552795,0.0126984126984127,0,0.969936708860759,0.941455696202532,0.00158730158730159,0,0.987823439878234,0.03125,0.9744,0.972712680577849,1
"16",0,0.859903381642512,0.0360501567398119,0,0.990445859872611,0,0.0409448818897638,0,0,0,0.0646203554119548,0.989180834621329,0.0111111111111111,0,0.00312989045383412,1,0.0128,0.00308641975308642,0.0144230769230769,0.00927357032457496,0.230061349693252,0.987673343605547,0.988817891373802,0.988673139158576,0.218408736349454,0.985849056603774,0.0670926517571885,0,0.0386996904024768,0,0,0,0.855799373040752,0.0141955835962145,0.992138364779874,0,0,0.109717868338558,0.0992125984251968,0.128325508607199,0.266982622432859,0,0,0,0,0,0,0.00469483568075117,0,0,0,0,0.989197530864197,0,0.0448717948717949,0,0,0.307332293291732,0.0185758513931889,0.432475884244373,0,0,0.00313971742543171
"17",0,0,0,0.837620578778135,0.00483091787439614,0,0,0.00324149108589951,0,0.357945425361156,0,0.00159235668789809,0,0,0.991961414790997,0.0128,1,0.988835725677831,0,0,0.741379310344828,0.00156494522691706,0.00655737704918033,0,0.74025974025974,0.00325732899022801,0.942622950819672,0,0,0,0.968,0,0,0,0.00810372771474878,0,0.00165289256198347,0.0253968253968254,0,0.0032520325203252,0.784,0.85828025477707,0,0.0016025641025641,0,0.991816693944354,0.977812995245642,0.996768982229402,0,0,0,0.00478468899521531,0.0205371248025276,0,0.968595041322314,0.945072697899838,0,0,0.995290423861852,0.032258064516129,0.97092084006462,0.968698517298188,0.992
"18",0,0,0,0.858712715855573,0.00322061191626409,0.00318471337579618,0,0.00955414012738853,0,0.375594294770206,0,0.00155038759689922,0,0.00316957210776545,0.995245641838352,0.00308641975308642,0.988835725677831,1,0,0,0.717425431711146,0,0.00318471337579618,0,0.737089201877934,0,0.92483660130719,0,0,0.00318471337579618,0.979099678456592,0,0,0,0.00474683544303797,0.00308166409861325,0.00798722044728434,0.0264797507788162,0,0,0.743589743589744,0.879443585780526,0.00162074554294976,0.00933125972006221,0,1,0.9875,0.995283018867924,0,0.00154559505409583,0.00309119010819165,0.0141955835962145,0.0093167701863354,0.00306278713629403,0.959016393442623,0.953674121405751,0.00469483568075117,0,0.981566820276498,0.0243111831442464,0.982677165354331,0.980676328502415,0.996840442338073
"19",0.6384,0.134551495016611,0.995169082125604,0,0.00814332247557003,0.0351758793969849,0.993366500829187,0.00813008130081301,0.11869918699187,0,0.968595041322314,0.0112903225806452,0.993431855500821,0.042833607907743,0,0.0144230769230769,0,0,1,0.99349593495935,0,0.0143540669856459,0.00983606557377049,0.00819672131147541,0,0.011400651465798,0,0.139344262295082,0.996774193548387,0.102941176470588,0,0.149837133550489,0.143769968051118,0.846275752773376,0.00485436893203883,0.0317460317460317,0.00655737704918033,0.884057971014493,0.937399678972713,0.848534201954397,0,0,0.0246710526315789,0.0110236220472441,0.163009404388715,0,0,0,0.144758735440932,0.115805946791862,0.0243506493506494,0.00636942675159236,0.00161030595813205,0.0365079365079365,0,0,0,0.698717948717949,0,0.56,0,0,0
"20",0.650381679389313,0.125,0.973354231974922,0.0313971742543171,0.00317460317460317,0.0256,0.976190476190476,0,0.112519809825674,0.0326594090202177,0.956730769230769,0.00920245398773006,0.983818770226537,0.0287539936102236,0,0.00927357032457496,0,0,0.99349593495935,1,0.0303030303030303,0.00920245398773006,0.008,0.00159489633173844,0.0316455696202532,0.0078003120124805,0.00324149108589951,0.137071651090343,0.979750778816199,0.135433070866142,0.00158227848101266,0.137658227848101,0.13302034428795,0.831530139103555,0.0016,0.0217729393468118,0,0.87888198757764,0.924050632911392,0.867298578199052,0,0.00154320987654321,0.0146818923327896,0.00154559505409583,0.155963302752294,0,0.00771604938271605,0,0.138263665594855,0.0992248062015504,0.0142405063291139,0,0.00313479623824451,0.0265210608424337,0,0.00158227848101266,0.031055900621118,0.707165109034268,0,0.552504038772213,0,0.00160771704180064,0
"21",0,0.113964686998395,0,0.727554179566563,0.179650238473768,0,0,0.0062992125984252,0,0.354430379746835,0.0256410256410256,0.172043010752688,0,0,0.714285714285714,0.230061349693252,0.741379310344828,0.717425431711146,0,0.0303030303030303,1,0.14741641337386,0.228209191759113,0.12755905511811,0.985981308411215,0.214511041009464,0.792125984251968,0,0,0.061128526645768,0.708661417322835,0,0.059190031152648,0,0.261345852895149,0,0.00318471337579618,0.0060790273556231,0.00156739811912226,0.19309262166405,0.904238618524333,0.638759689922481,0,0.00154798761609907,0,0.716323296354992,0.721036585365854,0.720565149136578,0,0,0,0.0076103500761035,0.244615384615385,0,0.738782051282051,0.672897196261682,0.0755007704160247,0.180555555555556,0.71319018404908,0.254545454545455,0.716535433070866,0.713607594936709,0.721259842519685
"22",0,0.870813397129187,0.0295489891135303,0,1,0,0.0390015600624025,0,0,0,0.0603174603174603,1,0.0113268608414239,0,0,0.987673343605547,0.00156494522691706,0,0.0143540669856459,0.00920245398773006,0.14741641337386,1,0.993558776167472,1,0.144200626959248,0.996840442338073,0.0462519936204147,0,0.031104199066874,0,0,0,0.915094339622642,0.0138248847926267,1,0,0,0.0883720930232558,0.105345911949686,0.0822784810126582,0.185826771653543,0,0,0,0,0,0,0,0,0,0,0,0.976635514018692,0,0.0290322580645161,0,0,0.251533742331288,0.00153609831029186,0.309294871794872,0,0,0
"23",0,0.850671140939597,0.0306946688206785,0.00162866449511401,1,0,0.0351758793969849,0,0,0.00162074554294976,0.06070826306914,0.995153473344103,0.00662251655629139,0,0.00482315112540193,0.988817891373802,0.00655737704918033,0.00318471337579618,0.00983606557377049,0.008,0.228209191759113,0.993558776167472,1,0.99836867862969,0.2176,0.996747967479675,0.0632279534109817,0,0.0275080906148867,0,0,0,0.864157119476268,0.00969305331179321,1,0,0,0.107717041800643,0.0951612903225806,0.120521172638436,0.26418152350081,0,0,0,0,0,0,0.00491803278688525,0,0,0,0,0.982200647249191,0,0.0396694214876033,0,0.0016,0.298722044728434,0.0111642743221691,0.422750424448217,0,0,0.00491803278688525
"24",0,0.869421487603306,0.0308441558441558,0,1,0,0.0311475409836066,0,0,0,0.0489038785834739,1,0,0,0,0.988673139158576,0,0,0.00819672131147541,0.00159489633173844,0.12755905511811,1,0.99836867862969,1,0.128410914927769,1,0.0346534653465347,0,0.0228384991843393,0,0,0,0.92891760904685,0.00161550888529887,0.998381877022654,0,0,0.0819935691318328,0.105177993527508,0.072013093289689,0.163430420711974,0,0,0,0,0,0,0,0,0,0,0,0.987138263665595,0,0.0182119205298013,0,0,0.215088282504013,0,0.26890756302521,0,0,0
"25",0,0.102141680395387,0,0.72972972972973,0.169082125603865,0,0,0.00481540930979133,0,0.359621451104101,0.0243111831442464,0.161042944785276,0,0,0.718995290423862,0.218408736349454,0.74025974025974,0.737089201877934,0,0.0316455696202532,0.985981308411215,0.144200626959248,0.2176,0.128410914927769,1,0.206349206349206,0.796445880452342,0,0,0.0561797752808989,0.729133858267716,0,0.0590111642743222,0,0.249206349206349,0,0.00655737704918033,0,0.00477707006369427,0.171383647798742,0.880191693290735,0.660347551342812,0,0.00625978090766823,0,0.727272727272727,0.726844583987441,0.723642172523962,0,0,0,0.0158227848101266,0.237871674491393,0,0.738562091503268,0.698587127158556,0.078740157480315,0.160686427457098,0.721461187214612,0.224052718286656,0.738853503184713,0.733441033925687,0.737520128824477
"26",0,0.863192182410424,0.0365659777424483,0.00158982511923688,0.996805111821086,0,0.0430622009569378,0,0,0.00160513643659711,0.0634390651085142,0.996918335901387,0.0065252854812398,0,0,0.985849056603774,0.00325732899022801,0,0.011400651465798,0.0078003120124805,0.214511041009464,0.996840442338073,0.996747967479675,1,0.206349206349206,1,0.0557377049180328,0,0.0328125,0,0,0,0.874603174603175,0.010989010989011,0.995230524642289,0,0,0.108320251177394,0.0947030497592295,0.118935837245696,0.242902208201893,0,0,0,0,0,0,0,0,0,0,0,0.981072555205047,0,0.0324675324675325,0,0.00155763239875389,0.302694136291601,0.00465116279069767,0.413907284768212,0,0,0
"27",0,0.0284280936454849,0,0.792270531400966,0.0373376623376623,0,0,0,0,0.326366559485531,0.0147783251231527,0.0416666666666667,0,0,0.932786885245902,0.0670926517571885,0.942622950819672,0.92483660130719,0,0.00324149108589951,0.792125984251968,0.0462519936204147,0.0632279534109817,0.0346534653465347,0.796445880452342,0.0557377049180328,1,0,0,0,0.922455573505654,0,0.0162074554294976,0,0.0645161290322581,0,0,0.0175438596491228,0.00164473684210526,0.0230263157894737,0.809210526315789,0.817014446227929,0,0,0,0.965630114566285,0.91304347826087,0.941080196399345,0,0,0,0,0.0844155844155844,0,0.968852459016393,0.893548387096774,0.0063391442155309,0.0329489291598023,0.9424,0.0951585976627713,0.908653846153846,0.910149750415973,0.941176470588235
"28",0.507086614173228,0.117647058823529,0.134796238244514,0,0,0.906451612903226,0.138977635782748,0.849025974025974,0.984025559105431,0.441269841269841,0.0959349593495935,0,0.156606851549755,0.872785829307568,0,0,0,0,0.139344262295082,0.137071651090343,0,0,0,0,0,0,0,1,0.125396825396825,0.92604501607717,0,0.995184590690209,0.0362776025236593,0.298412698412698,0,0.8734375,0.862619808306709,0.0893416927899686,0.0717703349282297,0.13258785942492,0,0,0.937908496732026,0.875590551181102,0.996960486322188,0,0,0,0.981967213114754,0.973561430793157,0.9375,0.837245696400626,0,0.891975308641975,0,0,0.793929712460064,0.129952456418384,0,0.0147299509001637,0,0,0
"29",0.638230647709321,0.148450244698206,0.998435054773083,0,0.0333333333333333,0.0226904376012966,1,0,0.0985691573926868,0,0.977491961414791,0.0370942812982998,0.985576923076923,0.027027027027027,0,0.0386996904024768,0,0,0.996774193548387,0.979750778816199,0,0.031104199066874,0.0275080906148867,0.0228384991843393,0,0.0328125,0,0.125396825396825,1,0.0977917981072555,0,0.136876006441224,0.162679425837321,0.818466353677621,0.0269413629160063,0.0215384615384615,0,0.8953125,0.950636942675159,0.831987075928918,0.0016,0,0.0144230769230769,0.0015527950310559,0.147640791476408,0,0,0,0.137318255250404,0.0941915227629513,0.0128617363344051,0,0.0207006369426752,0.0260736196319018,0,0,0,0.75,0,0.592105263157895,0,0,0
"30",0.445151033386327,0.117647058823529,0.102564102564103,0.0747217806041336,0,0.871335504885994,0.110223642172524,0.825040128410915,0.938808373590982,0.523052464228935,0.0513245033112583,0,0.0993485342019544,0.844408427876823,0,0,0,0.00318471337579618,0.102941176470588,0.135433070866142,0.061128526645768,0,0,0,0.0561797752808989,0,0,0.92604501607717,0.0977917981072555,1,0.0016,0.922953451043339,0.0287539936102236,0.255023183925811,0,0.850863422291994,0.855769230769231,0.0583596214511041,0.0451612903225806,0.179487179487179,0,0.0174603174603175,0.885245901639344,0.85126582278481,0.921538461538462,0,0.0125786163522013,0,0.923202614379085,0.946957878315133,0.889067524115756,0.819032761310452,0,0.855325914149444,0,0.00316455696202532,0.88503937007874,0.113207547169811,0,0,0.00158478605388273,0.0032520325203252,0
"31",0,0,0,0.871224165341812,0,0.00161030595813205,0,0.0176282051282051,0,0.411483253588517,0,0,0,0.00321027287319422,0.972049689440994,0,0.968,0.979099678456592,0,0.00158227848101266,0.708661417322835,0,0,0,0.729133858267716,0,0.922455573505654,0,0,0.0016,1,0,0,0,0,0.00157232704402516,0.0145161290322581,0.00317965023847377,0,0.00477707006369427,0.714748784440843,0.901743264659271,0.00318471337579618,0.0141287284144427,0,0.990322580645161,0.976377952755906,0.9712,0,0,0.00161030595813205,0.0339506172839506,0.0109717868338558,0.00156494522691706,0.932565789473684,0.982371794871795,0.0285261489698891,0,0.962790697674419,0.0066334991708126,1,0.998407643312102,0.980645161290323
"32",0.493650793650794,0.121510673234811,0.14218009478673,0,0,0.898026315789474,0.146341463414634,0.848242811501597,0.980676328502415,0.408723747980614,0.09688013136289,0,0.166936790923825,0.87075928917609,0,0,0,0,0.149837133550489,0.137658227848101,0,0,0,0,0,0,0,0.995184590690209,0.136876006441224,0.922953451043339,0,1,0.036624203821656,0.305993690851735,0,0.875786163522013,0.858784893267652,0.0904761904761905,0.0772946859903382,0.135922330097087,0,0,0.940099833610649,0.870192307692308,1,0,0,0,0.988654781199352,0.973143759873618,0.933764135702746,0.834890965732087,0,0.88785046728972,0,0,0.787781350482315,0.140127388535032,0,0.0132013201320132,0,0,0
"33",0.126760563380282,0.831987075928918,0.157894736842105,0,0.906349206349206,0.00811688311688312,0.167464114832536,0.0016,0.0336,0.00159744408945687,0.141693811074919,0.903875968992248,0.156351791530945,0.00642054574638844,0,0.855799373040752,0,0,0.143769968051118,0.13302034428795,0.059190031152648,0.915094339622642,0.864157119476268,0.92891760904685,0.0590111642743222,0.874603174603175,0.0162074554294976,0.0362776025236593,0.162679425837321,0.0287539936102236,0,0.036624203821656,1,0.101587301587302,0.844827586206897,0.00625,0.00161030595813205,0.238546603475513,0.2096,0.0365659777424483,0.0963081861958267,0,0.00811688311688312,0.0015527950310559,0.0453834115805947,0,0,0,0.0357142857142857,0.0362776025236593,0.00614439324116743,0.00153846153846154,0.839116719242902,0.00623052959501558,0.0228384991843393,0,0.00157728706624606,0.228434504792332,0,0.263071895424837,0,0,0
"34",0.533333333333333,0.1488,0.8234375,0,0.0047244094488189,0.194127243066884,0.825119236883943,0.164296998420221,0.308544303797468,0.00311526479750779,0.788273615635179,0.0125,0.8256,0.193548387096774,0,0.0141955835962145,0,0,0.846275752773376,0.831530139103555,0,0.0138248847926267,0.00969305331179321,0.00161550888529887,0,0.010989010989011,0,0.298412698412698,0.818466353677621,0.255023183925811,0,0.305993690851735,0.101587301587302,1,0.0016025641025641,0.213622291021672,0.177705977382876,0.692068429237947,0.756289308176101,0.737439222042139,0,0,0.229166666666667,0.169230769230769,0.313935681470138,0,0,0,0.316211878009631,0.295665634674923,0.0913461538461538,0.170807453416149,0,0.21483771251932,0,0,0.157975460122699,0.580441640378549,0,0.462662337662338,0,0,0
"35",0,0.845901639344262,0.0273752012882448,0,1,0,0.0374592833876222,0,0,0,0.065359477124183,0.9953125,0.00163132137030995,0,0.00479233226837061,0.992138364779874,0.00810372771474878,0.00474683544303797,0.00485436893203883,0.0016,0.261345852895149,1,1,0.998381877022654,0.249206349206349,0.995230524642289,0.0645161290322581,0,0.0269413629160063,0,0,0,0.844827586206897,0.0016025641025641,1,0,0,0.111111111111111,0.0993485342019544,0.143317230273752,0.289644012944984,0,0,0,0,0.00161030595813205,0.00155763239875389,0.00637958532695375,0,0,0,0,0.989045383411581,0,0.0395387149917628,0,0,0.330721003134796,0.00775193798449612,0.453333333333333,0,0,0.00480769230769231
"36",0.374622356495468,0.0286624203821656,0.0247295208655332,0.0816640986132511,0,0.998415213946117,0.0141955835962145,0.987361769352291,0.900473933649289,0.544186046511628,0.0142857142857143,0,0.0445859872611465,1,0,0,0,0.00308166409861325,0.0317460317460317,0.0217729393468118,0,0,0,0,0,0,0,0.8734375,0.0215384615384615,0.850863422291994,0.00157232704402516,0.875786163522013,0.00625,0.213622291021672,0,1,0.992025518341308,0.00618238021638331,0.00631911532385466,0.0188087774294671,0,0.119010819165379,1,0.987730061349693,0.860778443113772,0,0,0,0.87758346581876,0.91304347826087,1,0.973966309341501,0,1,0,0.0386398763523957,0.924615384615385,0.0229357798165138,0,0,0.0015527950310559,0.00158478605388273,0
"37",0.342902711323764,0.00998336106489185,0,0.0924092409240924,0,0.988235294117647,0,1,0.888529886914378,0.577302631578947,0,0,0.0179445350734095,0.983818770226537,0.00162866449511401,0,0.00165289256198347,0.00798722044728434,0.00655737704918033,0,0.00318471337579618,0,0,0,0.00655737704918033,0,0,0.862619808306709,0,0.855769230769231,0.0145161290322581,0.858784893267652,0.00161030595813205,0.177705977382876,0,0.992025518341308,1,0,0,0.00164473684210526,0,0.132471728594507,0.991749174917492,1,0.843700159489633,0.00329489291598023,0.00479233226837061,0,0.864548494983278,0.902755267423015,0.990291262135922,0.996810207336523,0,0.987240829346092,0,0.0521172638436482,0.954765751211632,0,0,0,0.0163132137030995,0.0134003350083752,0.00162866449511401
"38",0.699386503067485,0.209076175040519,0.908385093167702,0,0.137440758293839,0.00815660685154975,0.920508744038156,0,0.062992125984252,0,0.894308943089431,0.128682170542636,0.902597402597403,0.00947867298578199,0.0360501567398119,0.109717868338558,0.0253968253968254,0.0264797507788162,0.884057971014493,0.87888198757764,0.0060790273556231,0.0883720930232558,0.107717041800643,0.0819935691318328,0,0.108320251177394,0.0175438596491228,0.0893416927899686,0.8953125,0.0583596214511041,0.00317965023847377,0.0904761904761905,0.238546603475513,0.692068429237947,0.111111111111111,0.00618238021638331,0,1,0.856012658227848,0.698412698412698,0.0208333333333333,0.0015552099533437,0.00488599348534202,0.0015625,0.105182926829268,0.0157977883096366,0.0217054263565891,0.0315955766192733,0.0878594249201278,0.0565749235474006,0,0,0.0984375,0.00941915227629513,0.0403877221324717,0.0015527950310559,0,0.727272727272727,0.0321100917431193,0.648780487804878,0.0078125,0.00963081861958266,0.0235109717868339
"39",0.554160125588697,0.100486223662885,0.9392,0,0.0981996726677578,0.00818330605564648,0.938009787928222,0,0.0516129032258065,0,0.935960591133005,0.0951638065522621,0.925324675324675,0.00963081861958266,0,0.0992125984251968,0,0,0.937399678972713,0.924050632911392,0.00156739811912226,0.105345911949686,0.0951612903225806,0.105177993527508,0.00477707006369427,0.0947030497592295,0.00164473684210526,0.0717703349282297,0.950636942675159,0.0451612903225806,0,0.0772946859903382,0.2096,0.756289308176101,0.0993485342019544,0.00631911532385466,0,0.856012658227848,1,0.774091627172196,0,0,0.00657894736842105,0.00156985871271586,0.0850077279752705,0,0,0,0.0745542949756888,0.0488188976377953,0.00483870967741936,0,0.0911901081916538,0.00941915227629513,0,0,0,0.672754946727549,0,0.615511551155115,0,0,0
"40",0.485133020344288,0.21875,0.82472613458529,0.0690208667736758,0.0988654781199352,0.0245098039215686,0.832012678288431,0.00318979266347687,0.125806451612903,0.07085346215781,0.817133443163097,0.0938967136150235,0.810945273631841,0.023961661341853,0.00158730158730159,0.128325508607199,0.0032520325203252,0,0.848534201954397,0.867298578199052,0.19309262166405,0.0822784810126582,0.120521172638436,0.072013093289689,0.171383647798742,0.118935837245696,0.0230263157894737,0.13258785942492,0.831987075928918,0.179487179487179,0.00477707006369427,0.135922330097087,0.0365659777424483,0.737439222042139,0.143317230273752,0.0188087774294671,0.00164473684210526,0.698412698412698,0.774091627172196,1,0.12241653418124,0.00481540930979133,0.016366612111293,0.00157977883096367,0.151937984496124,0,0.0156739811912226,0.00162074554294976,0.13562091503268,0.109697933227345,0.0143769968051118,0.00470219435736677,0.125588697017268,0.0237341772151899,0.0146579804560261,0.0016,0.0675039246467818,0.775316455696203,0.00311526479750779,0.645695364238411,0.00159235668789809,0.00328407224958949,0
"41",0,0.139837398373984,0,0.619582664526485,0.225961538461538,0,0.00161030595813205,0,0,0.232258064516129,0.0264026402640264,0.209448818897638,0,0,0.754777070063694,0.266982622432859,0.784,0.743589743589744,0,0,0.904238618524333,0.185826771653543,0.26418152350081,0.163430420711974,0.880191693290735,0.242902208201893,0.809210526315789,0,0.0016,0,0.714748784440843,0,0.0963081861958267,0,0.289644012944984,0,0,0.0208333333333333,0,0.12241653418124,1,0.628389154704944,0,0,0,0.7872,0.725274725274725,0.765923566878981,0,0,0,0.0015552099533437,0.279809220985692,0,0.798690671031097,0.684713375796178,0,0.179723502304147,0.75,0.262541806020067,0.719806763285024,0.714518760195759,0.7632
"42",0,0,0,0.915873015873016,0,0.0936995153473344,0,0.147487844408428,0.00480769230769231,0.514018691588785,0,0,0,0.120385232744783,0.866877971473851,0,0.85828025477707,0.879443585780526,0,0.00154320987654321,0.638759689922481,0,0,0,0.660347551342812,0,0.817014446227929,0,0,0.0174603174603175,0.901743264659271,0,0,0,0,0.119010819165379,0.132471728594507,0.0015552099533437,0,0.00481540930979133,0.628389154704944,1,0.0542763157894737,0.1234375,0,0.888888888888889,0.873040752351097,0.869009584664537,0,0.015600624024961,0.0658105939004815,0.15625,0.00615384615384615,0.104199066874028,0.823338735818476,0.927330173775671,0.133956386292835,0,0.864566929133858,0,0.892455858747994,0.920967741935484,0.869634340222575
"43",0.414516129032258,0.0281923714759536,0.0192307692307692,0.0403877221324717,0,1,0.0163132137030995,0.988524590163934,0.950080515297907,0.515347334410339,0.00985221674876847,0,0.0413223140495868,1,0,0,0,0.00162074554294976,0.0246710526315789,0.0146818923327896,0,0,0,0,0,0,0,0.937908496732026,0.0144230769230769,0.885245901639344,0.00318471337579618,0.940099833610649,0.00811688311688312,0.229166666666667,0,1,0.991749174917492,0.00488599348534202,0.00657894736842105,0.016366612111293,0,0.0542763157894737,1,0.99203821656051,0.931034482758621,0,0,0,0.94675540765391,0.95389507154213,1,0.97752808988764,0,1,0,0.0178282009724473,0.916129032258065,0.0209677419354839,0,0,0.00328947368421053,0,0
"44",0.3625,0.0112,0.0047244094488189,0.0919003115264797,0,0.988691437802908,0.00316455696202532,0.998412698412698,0.895833333333333,0.581648522550544,0.00160513643659711,0,0.0158478605388273,0.985668789808917,0.0046801872074883,0,0.0016025641025641,0.00933125972006221,0.0110236220472441,0.00154559505409583,0.00154798761609907,0,0,0,0.00625978090766823,0,0,0.875590551181102,0.0015527950310559,0.85126582278481,0.0141287284144427,0.870192307692308,0.0015527950310559,0.169230769230769,0,0.987730061349693,1,0.0015625,0.00156985871271586,0.00157977883096367,0,0.1234375,0.99203821656051,1,0.852760736196319,0.00619195046439629,0.00778816199376947,0,0.873990306946688,0.90726429675425,0.996865203761755,0.996879875195008,0,0.987786259541985,0,0.0436817472698908,0.944530046224962,0.00313971742543171,0,0,0.0173775671406003,0.0143540669856459,0.00469483568075117
"45",0.501533742331288,0.135860979462875,0.150455927051672,0,0,0.88871473354232,0.1609375,0.824261275272162,0.979969183359014,0.422664624808576,0.104928457869634,0,0.170616113744076,0.854938271604938,0,0,0,0,0.163009404388715,0.155963302752294,0,0,0,0,0,0,0,0.996960486322188,0.147640791476408,0.921538461538462,0,1,0.0453834115805947,0.313935681470138,0,0.860778443113772,0.843700159489633,0.105182926829268,0.0850077279752705,0.151937984496124,0,0,0.931034482758621,0.852760736196319,1,0,0,0,0.990322580645161,0.972685887708649,0.929467084639498,0.819277108433735,0,0.873860182370821,0,0,0.786466165413534,0.155487804878049,0,0.0144694533762058,0,0,0
"46",0,0,0,0.856012658227848,0.00161030595813205,0,0,0.00802568218298555,0,0.247572815533981,0,0,0,0,0.995184590690209,0,0.991816693944354,1,0,0,0.716323296354992,0,0,0,0.727272727272727,0,0.965630114566285,0,0,0,0.990322580645161,0,0,0,0.00161030595813205,0,0.00329489291598023,0.0157977883096366,0,0,0.7872,0.888888888888889,0,0.00619195046439629,0,1,0.992050874403816,0.996789727126806,0,0,0,0.0111287758346582,0.0095389507154213,0,0.9888,0.984,0.0031201248049922,0,0.984447900466563,0.005,0.991909385113269,0.98858075040783,0.996747967479675
"47",0,0,0,0.860062893081761,0.00157977883096367,0,0,0.00938967136150235,0,0.393416927899687,0,0,0,0,0.984375,0,0.977812995245642,0.9875,0,0.00771604938271605,0.721036585365854,0,0,0,0.726844583987441,0,0.91304347826087,0,0,0.0125786163522013,0.976377952755906,0,0,0,0.00155763239875389,0,0.00479233226837061,0.0217054263565891,0,0.0156739811912226,0.725274725274725,0.873040752351097,0,0.00778816199376947,0,0.992050874403816,1,0.981220657276995,0,0,0,0.0136157337367625,0.00613496932515337,0,0.942122186495177,0.945054945054945,0.0186335403726708,0,0.968036529680365,0.0177705977382876,0.984152139461173,0.982428115015974,0.984350547730829
"48",0,0,0,0.833860759493671,0.00480769230769231,0,0,0.00161030595813205,0,0.345541401273885,0,0.00158227848101266,0,0,0.998412698412698,0.00469483568075117,0.996768982229402,0.995283018867924,0,0,0.720565149136578,0,0.00491803278688525,0,0.723642172523962,0,0.941080196399345,0,0,0,0.9712,0,0,0,0.00637958532695375,0,0,0.0315955766192733,0,0.00162074554294976,0.765923566878981,0.869009584664537,0,0,0,0.996789727126806,0.981220657276995,1,0,0,0,0.0031201248049922,0.014218009478673,0,0.97092084006462,0.943485086342229,0,0,0.995260663507109,0.0275526742301459,0.97588424437299,0.972131147540984,1
"49",0.482371794871795,0.12248322147651,0.136217948717949,0,0,0.897009966777409,0.142156862745098,0.849673202614379,0.981937602627258,0.416129032258065,0.0919732441471572,0,0.150912106135987,0.878246753246753,0,0,0,0,0.144758735440932,0.138263665594855,0,0,0,0,0,0,0,0.981967213114754,0.137318255250404,0.923202614379085,0,0.988654781199352,0.0357142857142857,0.316211878009631,0,0.87758346581876,0.864548494983278,0.0878594249201278,0.0745542949756888,0.13562091503268,0,0,0.94675540765391,0.873990306946688,0.990322580645161,0,0,0,1,0.972843450479233,0.936893203883495,0.833602584814216,0,0.889064976228209,0,0,0.794788273615635,0.138263665594855,0,0.0170357751277683,0,0,0
"50",0.451713395638629,0.110223642172524,0.0923317683881064,0.0078003120124805,0,0.933333333333333,0.102325581395349,0.884310618066561,1,0.454545454545455,0.0574162679425837,0,0.108974358974359,0.912698412698413,0,0,0,0.00154559505409583,0.115805946791862,0.0992248062015504,0,0,0,0,0,0,0,0.973561430793157,0.0941915227629513,0.946957878315133,0,0.973143759873618,0.0362776025236593,0.295665634674923,0,0.91304347826087,0.902755267423015,0.0565749235474006,0.0488188976377953,0.109697933227345,0,0.015600624024961,0.95389507154213,0.90726429675425,0.972685887708649,0,0,0,0.972843450479233,1,0.951026856240126,0.87962962962963,0,0.926905132192846,0,0.00470219435736677,0.839753466872111,0.106481481481481,0,0,0,0,0
"51",0.409810126582278,0.00998336106489185,0.0142857142857143,0.0428571428571429,0,1,0.00969305331179321,0.993506493506494,0.941558441558442,0.616,0.0112721417069243,0,0.0358306188925081,1,0,0,0,0.00309119010819165,0.0243506493506494,0.0142405063291139,0,0,0,0,0,0,0,0.9375,0.0128617363344051,0.889067524115756,0.00161030595813205,0.933764135702746,0.00614439324116743,0.0913461538461538,0,1,0.990291262135922,0,0.00483870967741936,0.0143769968051118,0,0.0658105939004815,1,0.996865203761755,0.929467084639498,0,0,0,0.936893203883495,0.951026856240126,1,0.98125,0,1,0,0.0289389067524116,0.919047619047619,0.0141732283464567,0,0,0.00162074554294976,0.00163398692810458,0
"52",0.337423312883436,0.00947867298578199,0.00154798761609907,0.117647058823529,0,0.968,0,0.996845425867508,0.864992150706436,0.588235294117647,0,0,0.020440251572327,0.966929133858268,0.0077639751552795,0,0.00478468899521531,0.0141955835962145,0.00636942675159236,0,0.0076103500761035,0,0,0,0.0158227848101266,0,0,0.837245696400626,0,0.819032761310452,0.0339506172839506,0.834890965732087,0.00153846153846154,0.170807453416149,0,0.973966309341501,0.996810207336523,0,0,0.00470219435736677,0.0015552099533437,0.15625,0.97752808988764,0.996879875195008,0.819277108433735,0.0111287758346582,0.0136157337367625,0.0031201248049922,0.833602584814216,0.87962962962963,0.98125,1,0,0.968277945619335,0.00158478605388273,0.0681458003169572,0.941176470588235,0,0.00310077519379845,0,0.0345368916797488,0.0355411954765751,0.00788643533123028
"53",0,0.836012861736334,0.0250391236306729,0.00154320987654321,0.9872,0,0.0302547770700637,0,0,0.00462249614791988,0.0487012987012987,0.979876160990712,0,0,0.0126984126984127,0.989197530864197,0.0205371248025276,0.0093167701863354,0.00161030595813205,0.00313479623824451,0.244615384615385,0.976635514018692,0.982200647249191,0.987138263665595,0.237871674491393,0.981072555205047,0.0844155844155844,0,0.0207006369426752,0,0.0109717868338558,0,0.839116719242902,0,0.989045383411581,0,0,0.0984375,0.0911901081916538,0.125588697017268,0.279809220985692,0.00615384615384615,0,0,0,0.0095389507154213,0.00613496932515337,0.014218009478673,0,0,0,0,1,0,0.0545746388443018,0.00947867298578199,0.0046656298600311,0.297674418604651,0.0274390243902439,0.427860696517413,0.00479233226837061,0.0063391442155309,0.0126582278481013
"54",0.39509954058193,0.0304,0.0323574730354391,0.0724409448818898,0,1,0.0204081632653061,0.987301587301587,0.9109375,0.550632911392405,0.0207006369426752,0,0.0500782472613459,1,0,0,0,0.00306278713629403,0.0365079365079365,0.0265210608424337,0,0,0,0,0,0,0,0.891975308641975,0.0260736196319018,0.855325914149444,0.00156494522691706,0.88785046728972,0.00623052959501558,0.21483771251932,0,1,0.987240829346092,0.00941915227629513,0.00941915227629513,0.0237341772151899,0,0.104199066874028,1,0.987786259541985,0.873860182370821,0,0,0,0.889064976228209,0.926905132192846,1,0.968277945619335,0,1,0,0.0371517027863777,0.915644171779141,0.031055900621118,0,0,0.00158227848101266,0.00158730158730159,0
