"","V1","V2","V3","V4","V5","V6","V7","V8","V9","V10","V11","V12","V13","V14","V15","V16","V17","V18","V19","V20","V21","V22","V23","V24","V25","V26","V27","V28","V29","V30","V31","V32","V33","V34","V35","V36","V37","V38","V39","V40","V41","V42","V43","V44","V45","V46","V47","V48","V49","V50","V51","V52","V53","V54","V55","V56","V57","V58","V59","V60","V61","V62","V63"
"1",1,0.768092105263158,0.834710743801653,0.334983498349835,0.183986371379898,0.884927066450567,0.775080906148867,0.8125,0.956168831168831,0.370309951060359,0.720064724919094,0.301324503311258,0.939144736842105,0.881188118811881,0.153094462540717,0.139495798319328,0.0469011725293132,0.304065040650407,0.860426929392447,0.86970684039088,0.0509337860780985,0.619047619047619,0.298507462686567,0.21247892074199,0.048494983277592,0.187096774193548,0.0574324324324324,0.960848287112561,0.779690189328744,0.943986820428336,0.170144462279294,0.952941176470588,0.780201342281879,0.948160535117057,0.177852348993289,0.892739273927393,0.864951768488746,0.618729096989967,0.7,0.657762938230384,0.0656,0.28130081300813,0.941080196399345,0.861842105263158,0.953020134228188,0.13452188006483,0.137353433835846,0.0558213716108453,0.945723684210526,0.941471571906355,0.89792663476874,0.545161290322581,0.0598006644518272,0.929292929292929,0.0529801324503311,0.343853820598007,0.599343185550082,0.692967409948542,0.0604575163398693,0.124378109452736,0.257903494176373,0.249594813614263,0.0582362728785358
"2",0.768092105263158,1,0.946624803767661,0.0784929356357928,0.502446982055465,0.634375,0.996879875195008,0.50561797752809,0.723765432098765,0.100151745068285,0.973805855161787,0.594936708860759,0.857594936708861,0.617322834645669,0.0634674922600619,0.388617886178862,0.289389067524116,0.0491551459293395,0.923076923076923,0.912908242612753,0.263327948303716,0.905956112852665,0.584126984126984,0.532695374800638,0.289763779527559,0.473846153846154,0.294670846394984,0.714508580343214,1,0.7,0.0556414219474498,0.72408293460925,0.996840442338073,0.700320512820513,0.459935897435897,0.624806201550388,0.582822085889571,0.836734693877551,0.928571428571429,0.900311526479751,0.291666666666667,0.0122137404580153,0.696734059097978,0.591397849462366,0.712698412698413,0.0725308641975309,0.0630914826498423,0.259938837920489,0.722741433021807,0.67862969004894,0.636785162287481,0.254931714719272,0.298887122416534,0.675675675675676,0.27244094488189,0.0910518053375196,0.347068145800317,0.945364238410596,0.259316770186335,0.379585326953748,0,0,0.254290171606864
"3",0.834710743801653,0.946624803767661,1,0.138041733547352,0.421647819063005,0.7046875,0.954758190327613,0.581583198707593,0.796529968454259,0.165891472868217,0.903785488958991,0.516025641025641,0.927099841521395,0.672077922077922,0.027027027027027,0.326829268292683,0.231139646869984,0.0978260869565217,0.981308411214953,0.973101265822785,0.204318936877076,0.832012678288431,0.501628664495114,0.44122383252818,0.21474358974359,0.392801251956182,0.229299363057325,0.781499202551834,0.944816053511706,0.756843800322061,0.00626959247648903,0.799352750809062,0.948717948717949,0.769480519480519,0.374592833876221,0.699212598425197,0.657686212361331,0.818923327895595,0.876823338735819,0.8432,0.224961479198767,0.06875,0.763116057233704,0.652037617554859,0.78594249201278,0.0221518987341772,0.0172413793103448,0.211356466876972,0.782747603833866,0.747145187601958,0.709320695102686,0.319938176197836,0.237479806138934,0.742351046698873,0.21256038647343,0.134493670886076,0.376012965964344,0.876847290640394,0.20625,0.310897435897436,0.0562700964630225,0.0519685039370079,0.19422150882825
"4",0.334983498349835,0.0784929356357928,0.138041733547352,1,0.394039735099338,0.481012658227848,0.0842607313195548,0.603588907014682,0.367670364500792,0.988924050632911,0.0366826156299841,0.317152103559871,0.247524752475248,0.490228013029316,0.859872611464968,0.495065789473684,0.614147909967846,0.965189873417722,0.14375,0.173076923076923,0.619047619047619,0.0240770465489567,0.318181818181818,0.366288492706645,0.612540192926045,0.414173228346457,0.596491228070175,0.382539682539683,0.0818030050083473,0.398042414355628,0.874603174603175,0.376623376623377,0.0928,0.391517128874388,0.425566343042071,0.491961414790997,0.529042386185243,0.178396072013093,0.0307941653160454,0.07085346215781,0.609375,0.940993788819876,0.40952380952381,0.52755905511811,0.387096774193548,0.844936708860759,0.865912762520194,0.644549763033175,0.384858044164038,0.420792079207921,0.491283676703645,0.827102803738318,0.599009900990099,0.428104575163399,0.631751227495908,0.996810207336523,0.749590834697218,0.0335570469798658,0.647335423197492,0.517017828200972,0.941841680129241,0.950080515297907,0.673202614379085
"5",0.183986371379898,0.502446982055465,0.421647819063005,0.394039735099338,1,0.0837359098228663,0.486223662884927,0,0.169628432956381,0.391935483870968,0.541666666666667,0.937190082644628,0.315,0.0848585690515807,0.584437086092715,0.912820512820513,0.813953488372093,0.432078559738134,0.41025641025641,0.392156862745098,0.814502529510961,0.636065573770492,0.933333333333333,0.973288814691152,0.814449917898194,1,0.820723684210526,0.17124394184168,0.507718696397942,0.147350993377483,0.551219512195122,0.152428810720268,0.492586490939044,0.15927750410509,0.988543371522095,0.080327868852459,0.0686900958466454,0.631666666666667,0.560260586319218,0.580267558528428,0.831987075928918,0.454253611556982,0.159016393442623,0.0693548387096774,0.14003294892916,0.59640522875817,0.587171052631579,0.810289389067524,0.182847896440129,0.153589315525876,0.0667752442996743,0.235576923076923,0.822742474916388,0.136666666666667,0.825657894736842,0.389885807504078,0.320197044334975,0.554030874785592,0.803827751196172,0.912541254125413,0.451986754966887,0.47427652733119,0.812703583061889
"6",0.884927066450567,0.634375,0.7046875,0.481012658227848,0.0837359098228663,1,0.642089093701997,0.952904238618524,0.944954128440367,0.495412844036697,0.585669781931464,0.188291139240506,0.814173228346457,0.998402555910543,0.294952681388013,0.00323624595469256,0.0721153846153846,0.437878787878788,0.712098009188361,0.722570532915361,0.0686900958466454,0.500770416024653,0.196540880503145,0.117370892018779,0.0675039246467818,0.0777439024390244,0.0613207547169811,0.932824427480916,0.633825944170772,0.948275862068966,0.309815950920245,0.955342902711324,0.644757433489828,0.943661971830986,0.0679304897314376,1,0.989425981873112,0.477635782747604,0.561128526645768,0.532385466034755,0.0552995391705069,0.410876132930514,0.953271028037383,0.990639625585023,0.949921752738654,0.272036474164134,0.284820031298905,0.0721966205837174,0.948757763975155,0.954619124797407,1,0.675883256528418,0.0608974358974359,0.96031746031746,0.0612244897959184,0.47581903276131,0.727987421383648,0.579638752052545,0.0715396578538103,0.0031201248049922,0.411764705882353,0.382352941176471,0.0662460567823344
"7",0.775080906148867,0.996879875195008,0.954758190327613,0.0842607313195548,0.486223662884927,0.642089093701997,1,0.517460317460318,0.7421875,0.0992248062015504,0.965463108320251,0.581358609794629,0.864864864864865,0.619967793880837,0.0442338072669826,0.389967637540453,0.277597402597403,0.0502354788069074,0.935837245696401,0.928684627575277,0.266115702479339,0.897798742138365,0.570032573289902,0.52124183006536,0.297124600638978,0.457055214723926,0.288819875776398,0.724409448818898,0.996627318718381,0.706840390879479,0.0393700787401575,0.737520128824477,1,0.7088,0.456279809220986,0.637820512820513,0.596875,0.834405144694534,0.929260450160772,0.900161030595813,0.283076923076923,0.0170542635658915,0.698289269051322,0.5984375,0.723809523809524,0.0502354788069074,0.0491283676703645,0.253894080996885,0.729133858267716,0.684380032206119,0.636505460218409,0.272868217054264,0.29570747217806,0.681672025723473,0.27258064516129,0.0910518053375196,0.345161290322581,0.949579831932773,0.264385692068429,0.371753246753247,0.00318979266347687,0.00154798761609907,0.246835443037975
"8",0.8125,0.50561797752809,0.581583198707593,0.603588907014682,0,0.952904238618524,0.517460317460318,1,0.864992150706436,0.608150470219436,0.469096671949287,0.0805152979066023,0.696969696969697,0.946515397082658,0.415064102564103,0.0493421052631579,0.147909967845659,0.572100313479624,0.58641975308642,0.605055292259084,0.141914191419142,0.362916006339144,0.0887096774193548,0.0242718446601942,0.143548387096774,0.0015625,0.134920634920635,0.859842519685039,0.513377926421405,0.878594249201278,0.43613707165109,0.878688524590164,0.515447154471545,0.86970684039088,0.00649350649350649,0.955342902711324,0.970724191063174,0.367313915857605,0.429725363489499,0.414790996784566,0.125198098256735,0.536661466458658,0.883280757097792,0.957943925233645,0.893141945773525,0.398073836276083,0.420634920634921,0.149068322981366,0.862619808306709,0.892739273927393,0.956043956043956,0.789968652037618,0.138709677419355,0.897435897435897,0.139871382636656,0.612698412698413,0.721153846153846,0.450847457627119,0.15224358974359,0.0547504025764895,0.538338658146965,0.5109375,0.145395799676898
"9",0.956168831168831,0.723765432098765,0.796529968454259,0.367670364500792,0.169628432956381,0.944954128440367,0.7421875,0.864992150706436,1,0.396341463414634,0.68944099378882,0.267515923566879,0.889415481832543,0.939393939393939,0.185126582278481,0.0746753246753247,0,0.345679012345679,0.808157099697885,0.81619937694704,0,0.5828125,0.274167987321712,0.207006369426752,0,0.163076923076923,0,1,0.744645799011532,0.992125984251969,0.214611872146119,1,0.737421383647799,1,0.152037617554859,0.948275862068966,0.925349922239502,0.56418383518225,0.657643312101911,0.61189358372457,0.0152439024390244,0.306306306306306,0.996865203761755,0.925465838509317,1,0.179723502304147,0.19309262166405,0.00152439024390244,0.998427672955975,0.992,0.947204968944099,0.591251885369532,0,0.985576923076923,0,0.371248025276461,0.648177496038035,0.676518883415435,0,0.0715396578538103,0.294585987261146,0.287480680061824,0.00156494522691706
"10",0.370309951060359,0.100151745068285,0.165891472868217,0.988924050632911,0.391935483870968,0.495412844036697,0.0992248062015504,0.608150470219436,0.396341463414634,1,0.0510835913312693,0.297297297297297,0.265822784810127,0.509316770186335,0.846749226006192,0.488817891373802,0.583465818759936,0.946564885496183,0.169184290030211,0.190031152647975,0.595813204508857,0.0275650842266462,0.294488188976378,0.348031496062992,0.580847723704867,0.408602150537634,0.558359621451104,0.417956656346749,0.0986842105263158,0.432389937106918,0.86085626911315,0.407643312101911,0.11216429699842,0.42246835443038,0.416012558869702,0.507739938080495,0.536036036036036,0.193037974683544,0.0570522979397781,0.0883280757097792,0.578386605783866,0.927492447129909,0.429237947122862,0.541213063763608,0.417322834645669,0.837920489296636,0.844827586206897,0.62178517397882,0.408037094281298,0.45,0.513595166163142,0.832585949177877,0.57345971563981,0.463223787167449,0.592476489028213,0.984662576687117,0.741269841269841,0.0572831423895254,0.612903225806452,0.489922480620155,0.917329093799682,0.930232558139535,0.649289099526066
"11",0.720064724919094,0.973805855161787,0.903785488958991,0.0366826156299841,0.541666666666667,0.585669781931464,0.965463108320251,0.469096671949287,0.68944099378882,0.0510835913312693,1,0.643086816720257,0.800316957210777,0.56140350877193,0.0896,0.433715220949264,0.333870967741935,0.0431432973805855,0.894171779141104,0.883647798742138,0.318840579710145,0.934169278996865,0.628617363344051,0.579872204472843,0.342723004694836,0.517996870109546,0.334365325077399,0.669266770670827,0.972131147540984,0.658022690437601,0.0872274143302181,0.680952380952381,0.960629921259842,0.659711075441412,0.511111111111111,0.575235109717868,0.538102643856921,0.832797427652733,0.943396226415094,0.918918918918919,0.341945288753799,0.0169491525423729,0.653250773993808,0.538582677165354,0.671428571428571,0.101721439749609,0.0938967136150235,0.306153846153846,0.671949286846276,0.628664495114006,0.577399380804954,0.208012326656394,0.357945425361156,0.617363344051447,0.325358851674641,0.0504731861198738,0.301587301587302,0.953719008264463,0.303459119496855,0.430842607313196,0.0253164556962025,0.0234009360374415,0.281645569620253
"12",0.301324503311258,0.594936708860759,0.516025641025641,0.317152103559871,0.937190082644628,0.188291139240506,0.581358609794629,0.0805152979066023,0.267515923566879,0.297297297297297,0.643086816720257,1,0.420454545454545,0.175895765472313,0.477635782747604,0.829145728643216,0.724755700325733,0.326984126984127,0.5125,0.493589743589744,0.743333333333333,0.722929936305732,0.985294117647059,0.916129032258065,0.72741935483871,0.93312101910828,0.74481658692185,0.266141732283465,0.612244897959184,0.250406504065041,0.452229299363057,0.270358306188925,0.582651391162029,0.264367816091954,0.910130718954248,0.162939297124601,0.1515625,0.703883495145631,0.668284789644013,0.684294871794872,0.740625,0.361198738170347,0.246835443037975,0.14488188976378,0.24232633279483,0.489763779527559,0.481481481481481,0.705148205928237,0.262560777957861,0.229641693811075,0.171974522292994,0.146417445482866,0.732142857142857,0.237704918032787,0.736156351791531,0.291325695581015,0.273026315789474,0.662790697674419,0.704761904761905,0.829268292682927,0.355048859934853,0.371653543307087,0.74313408723748
"13",0.939144736842105,0.857594936708861,0.927099841521395,0.247524752475248,0.315,0.814173228346457,0.864864864864865,0.696969696969697,0.889415481832543,0.265822784810127,0.800316957210777,0.420454545454545,1,0.777251184834123,0.0552845528455285,0.222961730449251,0.127450980392157,0.200949367088608,0.94383775351014,0.944532488114105,0.104918032786885,0.725274725274725,0.398042414355628,0.320785597381342,0.120967741935484,0.296062992125984,0.134831460674157,0.886762360446571,0.858585858585859,0.866231647634584,0.0793650793650794,0.896988906497623,0.863414634146341,0.86437908496732,0.255354200988468,0.797788309636651,0.7765625,0.728,0.788121990369181,0.742811501597444,0.125786163522013,0.173228346456693,0.865293185419968,0.767772511848341,0.885993485342019,0.0490506329113924,0.0585443037974684,0.126182965299685,0.875993640699523,0.85546218487395,0.812698412698413,0.428125,0.129508196721311,0.848684210526316,0.124600638977636,0.24203821656051,0.505672609400324,0.785834738617201,0.116352201257862,0.205211726384365,0.145833333333333,0.145110410094637,0.126022913256956
"14",0.881188118811881,0.617322834645669,0.672077922077922,0.490228013029316,0.0848585690515807,0.998402555910543,0.619967793880837,0.946515397082658,0.939393939393939,0.509316770186335,0.56140350877193,0.175895765472313,0.777251184834123,1,0.314194577352472,0,0.0805921052631579,0.467408585055644,0.688783570300158,0.705229793977813,0.0783034257748776,0.471518987341772,0.188524590163934,0.124590163934426,0.0796178343949045,0.0834621329211747,0.0777957860615883,0.928343949044586,0.609427609427609,0.934747145187602,0.335453100158982,0.939739413680782,0.622366288492707,0.931707317073171,0.0724876441515651,1,0.992223950233281,0.466666666666667,0.529315960912052,0.504792332268371,0.061128526645768,0.430124223602484,0.947284345047923,0.992163009404389,0.936790923824959,0.292063492063492,0.314696485623003,0.082018927444795,0.940345368916798,0.948675496688742,0.998427672955975,0.691833590138675,0.0682926829268293,0.955737704918033,0.0763116057233704,0.499207606973059,0.748792270531401,0.54606365159129,0.0817610062893082,0,0.436274509803922,0.405956112852665,0.0861788617886179
"15",0.153094462540717,0.0634674922600619,0.027027027027027,0.859872611464968,0.584437086092715,0.294952681388013,0.0442338072669826,0.415064102564103,0.185126582278481,0.846749226006192,0.0896,0.477635782747604,0.0552845528455285,0.314194577352472,1,0.684887459807074,0.785829307568438,0.905132192846034,0.00617283950617284,0.0093603744149766,0.810457516339869,0.161490683229814,0.493527508090615,0.562101910828026,0.790996784565916,0.601866251944012,0.784469096671949,0.203100775193798,0.0503355704697987,0.216905901116427,0.979876160990712,0.191869918699187,0.0429252782193959,0.210355987055016,0.625201938610662,0.292993630573248,0.333850931677019,0.210443037974684,0.121835443037975,0.160063391442155,0.783742331288344,0.924499229583975,0.215189873417722,0.3328173374613,0.204113924050633,0.996923076923077,0.9984,0.800918836140888,0.195275590551181,0.237785016286645,0.275272161741835,0.662632375189107,0.780096308186196,0.248387096774194,0.796502384737679,0.863636363636364,0.56661316211878,0.110738255033557,0.803459119496855,0.702229299363057,0.94896331738437,0.948031496062992,0.803767660910518
"16",0.139495798319328,0.388617886178862,0.326829268292683,0.495065789473684,0.912820512820513,0.00323624595469256,0.389967637540453,0.0493421052631579,0.0746753246753247,0.488817891373802,0.433715220949264,0.829145728643216,0.222961730449251,0,0.684887459807074,1,0.913477537437604,0.528938906752412,0.319554848966614,0.31063122923588,0.917369308600337,0.541329011345219,0.816225165562914,0.883031301482702,0.919141914191419,0.924193548387097,0.916802610114193,0.0888529886914378,0.393526405451448,0.0657894736842105,0.658615136876006,0.0705882352941176,0.383471074380165,0.0698835274542429,0.929173693086003,0,0.00809061488673139,0.528523489932886,0.471074380165289,0.492561983471074,0.928,0.56984126984127,0.0573248407643312,0.00803858520900321,0.0686274509803922,0.720257234726688,0.680532445923461,0.912420382165605,0.0718954248366013,0.0612582781456954,0.00158982511923688,0.317965023847377,0.923205342237062,0.0499168053244592,0.920133111480865,0.48595041322314,0.25546218487395,0.453913043478261,0.907467532467532,1,0.577049180327869,0.598715890850722,0.911073825503356
"17",0.0469011725293132,0.289389067524116,0.231139646869984,0.614147909967846,0.813953488372093,0.0721153846153846,0.277597402597403,0.147909967845659,0,0.583465818759936,0.333870967741935,0.724755700325733,0.127450980392157,0.0805921052631579,0.785829307568438,0.913477537437604,1,0.63275039745628,0.218009478672986,0.207062600321027,1,0.426256077795786,0.703403565640194,0.781967213114754,0.998349834983498,0.823712948517941,0.998376623376623,0,0.267796610169492,0.00813008130081301,0.769230769230769,0.00164203612479475,0.277504105090312,0,0.837662337662338,0.0674157303370786,0.096875,0.42604501607717,0.366013071895425,0.399022801302932,0.979462875197472,0.675548589341693,0.00482315112540193,0.098256735340729,0,0.80625,0.794871794871795,0.996865203761755,0.0032626427406199,0.00823723228995058,0.0652866242038217,0.414483821263482,0.998347107438017,0.0212071778140294,0.998402555910543,0.606060606060606,0.350819672131148,0.353637901861252,0.998405103668262,0.914332784184514,0.688311688311688,0.692926045016077,0.996732026143791
"18",0.304065040650407,0.0491551459293395,0.0978260869565217,0.965189873417722,0.432078559738134,0.437878787878788,0.0502354788069074,0.572100313479624,0.345679012345679,0.946564885496183,0.0431432973805855,0.326984126984127,0.200949367088608,0.467408585055644,0.905132192846034,0.528938906752412,0.63275039745628,1,0.113149847094801,0.138036809815951,0.63884430176565,0.0340557275541796,0.339116719242902,0.389067524115756,0.635930047694754,0.453149001536098,0.612852664576803,0.358578052550232,0.0460526315789474,0.36547433903577,0.891975308641975,0.3488,0.0583596214511041,0.371653543307087,0.456730769230769,0.457547169811321,0.496969696969697,0.226917057902973,0.00313479623824451,0.0346456692913386,0.640986132511556,0.933130699088146,0.388888888888889,0.496124031007752,0.357030015797788,0.881172839506173,0.894984326018809,0.668181818181818,0.36650868878357,0.398412698412698,0.455538221528861,0.806697108066971,0.620031796502385,0.407643312101911,0.658307210031348,0.969230769230769,0.714285714285714,0.00162074554294976,0.669724770642202,0.546021840873635,0.963836477987421,0.956656346749226,0.687598116169545
"19",0.860426929392447,0.923076923076923,0.981308411214953,0.14375,0.41025641025641,0.712098009188361,0.935837245696401,0.58641975308642,0.808157099697885,0.169184290030211,0.894171779141104,0.5125,0.94383775351014,0.688783570300158,0.00617283950617284,0.319554848966614,0.218009478672986,0.113149847094801,1,0.992378048780488,0.192307692307692,0.804314329738058,0.506309148264984,0.441130298273155,0.206299212598425,0.396369137670197,0.22,0.798780487804878,0.92520325203252,0.778996865203762,0.0227272727272727,0.813586097946288,0.934272300469484,0.784810126582278,0.375786163522013,0.708722741433022,0.668683812405446,0.801574803149606,0.856702619414484,0.817764165390505,0.222054380664653,0.0869565217391304,0.775075987841945,0.664145234493192,0.796238244514107,0.00924499229583975,0.00461538461538462,0.195718654434251,0.811616954474097,0.751582278481013,0.728527607361963,0.329341317365269,0.214173228346457,0.748822605965463,0.201238390092879,0.151702786377709,0.419152276295133,0.86038961038961,0.197869101978691,0.299373040752351,0.0726698262243286,0.0762195121951219,0.18622848200313
"20",0.86970684039088,0.912908242612753,0.973101265822785,0.173076923076923,0.392156862745098,0.722570532915361,0.928684627575277,0.605055292259084,0.81619937694704,0.190031152647975,0.883647798742138,0.493589743589744,0.944532488114105,0.705229793977813,0.0093603744149766,0.31063122923588,0.207062600321027,0.138036809815951,0.992378048780488,1,0.180487804878049,0.789968652037618,0.478468899521531,0.409836065573771,0.202247191011236,0.374223602484472,0.203497615262321,0.808477237048666,0.919866444073456,0.786173633440514,0.0295031055900621,0.829268292682927,0.928343949044586,0.798711755233494,0.352564102564103,0.725274725274725,0.685185185185185,0.787878787878788,0.837060702875399,0.81042654028436,0.211332312404288,0.0970724191063174,0.794670846394984,0.683153013910355,0.802547770700637,0.0109375,0.00632911392405063,0.192546583850932,0.819905213270142,0.765853658536585,0.735202492211838,0.353658536585366,0.206070287539936,0.765273311897106,0.191222570532915,0.16875,0.433070866141732,0.846534653465347,0.187888198757764,0.283227848101266,0.0813008130081301,0.0789889415481833,0.186009538950715
"21",0.0509337860780985,0.263327948303716,0.204318936877076,0.619047619047619,0.814502529510961,0.0686900958466454,0.266115702479339,0.141914191419142,0,0.595813204508857,0.318840579710145,0.743333333333333,0.104918032786885,0.0783034257748776,0.810457516339869,0.917369308600337,1,0.63884430176565,0.192307692307692,0.180487804878049,1,0.423452768729642,0.735197368421053,0.786776859504132,1,0.829617834394904,1,0,0.260942760942761,0.00827814569536424,0.796116504854369,0,0.262214983713355,0,0.828618968386023,0.0642504118616145,0.0909090909090909,0.414876033057851,0.358766233766234,0.40032414910859,0.977671451355662,0.706168831168831,0.00320512820512821,0.094551282051282,0,0.820723684210526,0.804878048780488,0.998387096774194,0.0016025641025641,0.00668896321070234,0.0635179153094463,0.4064,0.998366013071895,0.0148760330578512,0.998397435897436,0.618589743589744,0.359663865546218,0.3446519524618,1,0.910277324632953,0.707119741100324,0.711947626841244,0.99835255354201
"22",0.619047619047619,0.905956112852665,0.832012678288431,0.0240770465489567,0.636065573770492,0.500770416024653,0.897798742138365,0.362916006339144,0.5828125,0.0275650842266462,0.934169278996865,0.722929936305732,0.725274725274725,0.471518987341772,0.161490683229814,0.541329011345219,0.426256077795786,0.0340557275541796,0.804314329738058,0.789968652037618,0.423452768729642,1,0.721153846153846,0.677830940988836,0.436102236421725,0.61171032357473,0.456556082148499,0.576271186440678,0.901993355481728,0.563291139240506,0.167692307692308,0.582664526484751,0.889423076923077,0.561797752808989,0.6144,0.478939157566303,0.440548780487805,0.789889415481833,0.970266040688576,0.954113924050633,0.4328125,0.0811638591117917,0.547839506172839,0.442901234567901,0.57007874015748,0.179527559055118,0.174726989079563,0.385335413416537,0.573872472783826,0.533762057877814,0.476043276661515,0.139183055975794,0.443740095087163,0.523577235772358,0.414330218068536,0.00940438871473354,0.2544,0.965798045602606,0.392523364485981,0.518167456556082,0.0934579439252336,0.0783410138248848,0.367088607594937
"23",0.298507462686567,0.584126984126984,0.501628664495114,0.318181818181818,0.933333333333333,0.196540880503145,0.570032573289902,0.0887096774193548,0.274167987321712,0.294488188976378,0.628617363344051,0.985294117647059,0.398042414355628,0.188524590163934,0.493527508090615,0.816225165562914,0.703403565640194,0.339116719242902,0.506309148264984,0.478468899521531,0.735197368421053,0.721153846153846,1,0.914893617021277,0.7232,0.915756630265211,0.730337078651685,0.269108280254777,0.591905564924115,0.241435562805873,0.480190174326466,0.268729641693811,0.572123176661264,0.270627062706271,0.895081967213115,0.17124394184168,0.15962441314554,0.680781758957655,0.67487684729064,0.679549114331723,0.737577639751553,0.38006230529595,0.238546603475513,0.158730158730159,0.251223491027732,0.507936507936508,0.498371335504886,0.702492211838006,0.273021001615509,0.24126455906822,0.171383647798742,0.14622641509434,0.718196457326892,0.232899022801303,0.729032258064516,0.300163132137031,0.265273311897106,0.669477234401349,0.700636942675159,0.820846905537459,0.371150729335494,0.391653290529695,0.730769230769231
"24",0.21247892074199,0.532695374800638,0.44122383252818,0.366288492706645,0.973288814691152,0.117370892018779,0.52124183006536,0.0242718446601942,0.207006369426752,0.348031496062992,0.579872204472843,0.916129032258065,0.320785597381342,0.124590163934426,0.562101910828026,0.883031301482702,0.781967213114754,0.389067524115756,0.441130298273155,0.409836065573771,0.786776859504132,0.677830940988836,0.914893617021277,1,0.783521809369952,0.963779527559055,0.787781350482315,0.196850393700787,0.536134453781513,0.180645161290323,0.536776212832551,0.183306055646481,0.529126213592233,0.206219312602291,0.954022988505747,0.118122977346278,0.100946372239748,0.60586319218241,0.617647058823529,0.6128,0.806299212598425,0.432348367029549,0.188383045525903,0.104761904761905,0.160453808752026,0.583465818759936,0.557324840764331,0.770932069510269,0.219709208400646,0.172413793103448,0.100946372239748,0.238546603475513,0.791869918699187,0.169902912621359,0.79073482428115,0.361736334405145,0.358677685950413,0.592409240924092,0.774193548387097,0.876996805111821,0.433931484502447,0.4416,0.77124183006536
"25",0.048494983277592,0.289763779527559,0.21474358974359,0.612540192926045,0.814449917898194,0.0675039246467818,0.297124600638978,0.143548387096774,0,0.580847723704867,0.342723004694836,0.72741935483871,0.120967741935484,0.0796178343949045,0.790996784565916,0.919141914191419,0.998349834983498,0.635930047694754,0.206299212598425,0.202247191011236,1,0.436102236421725,0.7232,0.783521809369952,1,0.819466248037677,1,0.00158478605388273,0.279264214046823,0.011400651465798,0.764984227129338,0,0.287758346581876,0.00160771704180064,0.82843137254902,0.0666666666666667,0.097331240188383,0.417741935483871,0.367834394904459,0.403508771929825,0.979655712050078,0.676970633693972,0.00784929356357928,0.0917721518987342,0,0.797101449275362,0.787781350482315,0.998432601880878,0.00157232704402516,0.0113821138211382,0.0659340659340659,0.416536661466459,0.996768982229402,0.0162337662337662,0.998394863563403,0.606451612903226,0.352272727272727,0.358458961474037,1,0.9152,0.675850891410049,0.688291139240506,0.9984
"26",0.187096774193548,0.473846153846154,0.392801251956182,0.414173228346457,1,0.0777439024390244,0.457055214723926,0.0015625,0.163076923076923,0.408602150537634,0.517996870109546,0.93312101910828,0.296062992125984,0.0834621329211747,0.601866251944012,0.924193548387097,0.823712948517941,0.453149001536098,0.396369137670197,0.374223602484472,0.829617834394904,0.61171032357473,0.915756630265211,0.963779527559055,0.819466248037677,1,0.823529411764706,0.162754303599374,0.477977161500816,0.143302180685358,0.581430745814307,0.154213036565978,0.467614533965245,0.165079365079365,0.987321711568938,0.0757341576506955,0.0598159509202454,0.596825396825397,0.56120826709062,0.571205007824726,0.843137254901961,0.486280487804878,0.145482388973966,0.0657492354740061,0.143525741029641,0.621705426356589,0.605345911949686,0.818320610687023,0.171826625386997,0.139423076923077,0.0673813169984686,0.239757207890744,0.829346092503987,0.125396825396825,0.837025316455696,0.4140625,0.331259720062208,0.536544850498339,0.813374805598756,0.917057902973396,0.4770206022187,0.500772797527048,0.821484992101106
"27",0.0574324324324324,0.294670846394984,0.229299363057325,0.596491228070175,0.820723684210526,0.0613207547169811,0.288819875776398,0.134920634920635,0,0.558359621451104,0.334365325077399,0.74481658692185,0.134831460674157,0.0777957860615883,0.784469096671949,0.916802610114193,0.998376623376623,0.612852664576803,0.22,0.203497615262321,1,0.456556082148499,0.730337078651685,0.787781350482315,1,0.823529411764706,1,0.0015748031496063,0.277777777777778,0.00974025974025974,0.766561514195584,0,0.288431061806656,0.00161290322580645,0.844911147011309,0.0641025641025641,0.0883720930232558,0.41025641025641,0.388178913738019,0.410828025477707,0.976780185758514,0.677966101694915,0.00635930047694754,0.0933125972006221,0,0.806603773584906,0.7888,1,0,0.0112721417069243,0.0639625585023401,0.398133748055988,0.99673735725938,0.0225806451612903,0.998405103668262,0.597464342313788,0.343949044585987,0.360406091370558,1,0.919672131147541,0.68370607028754,0.6976,1
"28",0.960848287112561,0.714508580343214,0.781499202551834,0.382539682539683,0.17124394184168,0.932824427480916,0.724409448818898,0.859842519685039,1,0.417956656346749,0.669266770670827,0.266141732283465,0.886762360446571,0.928343949044586,0.203100775193798,0.0888529886914378,0,0.358578052550232,0.798780487804878,0.808477237048666,0,0.576271186440678,0.269108280254777,0.196850393700787,0.00158478605388273,0.162754303599374,0.0015748031496063,1,0.727124183006536,0.99198717948718,0.221362229102167,0.998407643312102,0.717391304347826,1,0.15311004784689,0.942006269592476,0.911450381679389,0.563492063492063,0.6390625,0.601895734597156,0.0152671755725191,0.324615384615385,0.996884735202492,0.914196567862715,1,0.187692307692308,0.204724409448819,0.00306278713629403,0.99685534591195,0.992088607594937,0.94,0.6,0,0.984051036682616,0,0.391849529780564,0.642301710730949,0.657190635451505,0.00155038759689922,0.0821484992101106,0.305993690851735,0.302507836990596,0.00316455696202532
"29",0.779690189328744,1,0.944816053511706,0.0818030050083473,0.507718696397942,0.633825944170772,0.996627318718381,0.513377926421405,0.744645799011532,0.0986842105263158,0.972131147540984,0.612244897959184,0.858585858585859,0.609427609427609,0.0503355704697987,0.393526405451448,0.267796610169492,0.0460526315789474,0.92520325203252,0.919866444073456,0.260942760942761,0.901993355481728,0.591905564924115,0.536134453781513,0.279264214046823,0.477977161500816,0.277777777777778,0.727124183006536,1,0.714765100671141,0.0472312703583062,0.747028862478778,0.996632996632997,0.716949152542373,0.467005076142132,0.623946037099494,0.583333333333333,0.852348993288591,0.930807248764415,0.905158069883527,0.277960526315789,0.0162074554294976,0.705211726384365,0.574290484140234,0.730964467005076,0.0672131147540984,0.0640809443507589,0.248780487804878,0.73781512605042,0.695726495726496,0.633223684210526,0.249201277955272,0.285714285714286,0.691525423728814,0.262023217247098,0.0906095551894563,0.326633165829146,0.949913644214162,0.250409165302782,0.384615384615385,0,0,0.232715008431703
"30",0.943986820428336,0.7,0.756843800322061,0.398042414355628,0.147350993377483,0.948275862068966,0.706840390879479,0.878594249201278,0.992125984251969,0.432389937106918,0.658022690437601,0.250406504065041,0.866231647634584,0.934747145187602,0.216905901116427,0.0657894736842105,0.00813008130081301,0.36547433903577,0.778996865203762,0.786173633440514,0.00827814569536424,0.563291139240506,0.241435562805873,0.180645161290323,0.011400651465798,0.143302180685358,0.00974025974025974,0.99198717948718,0.714765100671141,1,0.243243243243243,0.99349593495935,0.697115384615385,0.991909385113269,0.136807817589577,0.94408945686901,0.925278219395866,0.551495016611296,0.627677100494234,0.600961538461538,0.0220820189274448,0.340157480314961,1,0.923444976076555,0.993548387096774,0.205928237129485,0.22061191626409,0.0126782884310618,0.988599348534202,1,0.957210776545166,0.603100775193798,0.00818330605564648,0.99184339314845,0.00805152979066022,0.398089171974522,0.647154471544715,0.644670050761421,0.0110759493670886,0.0688,0.327390599675851,0.319422150882825,0.0128410914927769
"31",0.170144462279294,0.0556414219474498,0.00626959247648903,0.874603174603175,0.551219512195122,0.309815950920245,0.0393700787401575,0.43613707165109,0.214611872146119,0.86085626911315,0.0872274143302181,0.452229299363057,0.0793650793650794,0.335453100158982,0.979876160990712,0.658615136876006,0.769230769230769,0.891975308641975,0.0227272727272727,0.0295031055900621,0.796116504854369,0.167692307692308,0.480190174326466,0.536776212832551,0.764984227129338,0.581430745814307,0.766561514195584,0.221362229102167,0.0472312703583062,0.243243243243243,1,0.216,0.0502354788069074,0.24,0.598425196850394,0.31924882629108,0.357251908396947,0.167731629392971,0.13953488372093,0.179365079365079,0.761609907120743,0.939393939393939,0.244167962674961,0.357698289269051,0.229665071770335,0.986111111111111,0.984544049459042,0.784615384615385,0.217868338557994,0.264,0.298299845440495,0.685975609756098,0.755980861244019,0.282780410742496,0.7765625,0.8671875,0.603833865814696,0.120263591433278,0.785046728971963,0.675548589341693,0.950793650793651,0.952671755725191,0.78783151326053
"32",0.952941176470588,0.72408293460925,0.799352750809062,0.376623376623377,0.152428810720268,0.955342902711324,0.737520128824477,0.878688524590164,1,0.407643312101911,0.680952380952381,0.270358306188925,0.896988906497623,0.939739413680782,0.191869918699187,0.0705882352941176,0.00164203612479475,0.3488,0.813586097946288,0.829268292682927,0,0.582664526484751,0.268729641693811,0.183306055646481,0,0.154213036565978,0,0.998407643312102,0.747028862478778,0.99349593495935,0.216,1,0.72741935483871,0.998366013071895,0.142378559463987,0.95114006514658,0.929824561403509,0.585526315789474,0.650485436893204,0.621533442088091,0.0191693290734824,0.303514376996805,0.998415213946117,0.928571428571429,1,0.170653907496013,0.187399030694669,0.00158478605388273,0.998387096774194,0.993399339933993,0.96,0.578294573643411,0.00162337662337662,0.986776859504132,0,0.382636655948553,0.636065573770492,0.67005076142132,0,0.0645695364238411,0.297734627831715,0.288244766505636,0.00162337662337662
"33",0.780201342281879,0.996840442338073,0.948717948717949,0.0928,0.492586490939044,0.644757433489828,1,0.515447154471545,0.737421383647799,0.11216429699842,0.960629921259842,0.582651391162029,0.863414634146341,0.622366288492707,0.0429252782193959,0.383471074380165,0.277504105090312,0.0583596214511041,0.934272300469484,0.928343949044586,0.262214983713355,0.889423076923077,0.572123176661264,0.529126213592233,0.287758346581876,0.467614533965245,0.288431061806656,0.717391304347826,0.996632996632997,0.697115384615385,0.0502354788069074,0.72741935483871,1,0.695081967213115,0.450406504065041,0.62760834670947,0.593406593406593,0.834154351395731,0.917721518987342,0.891891891891892,0.287925696594427,0.0189873417721519,0.698387096774194,0.598425196850394,0.716857610474632,0.0587301587301587,0.0494417862838915,0.263322884012539,0.721153846153846,0.680395387149918,0.641390205371248,0.268104776579353,0.298107255520505,0.6768,0.27831715210356,0.0992,0.361736334405145,0.936454849498328,0.262578616352201,0.366288492706645,0.0032,0.0016025641025641,0.244479495268139
"34",0.948160535117057,0.700320512820513,0.769480519480519,0.391517128874388,0.15927750410509,0.943661971830986,0.7088,0.86970684039088,1,0.42246835443038,0.659711075441412,0.264367816091954,0.86437908496732,0.931707317073171,0.210355987055016,0.0698835274542429,0,0.371653543307087,0.784810126582278,0.798711755233494,0,0.561797752808989,0.270627062706271,0.206219312602291,0.00160771704180064,0.165079365079365,0.00161290322580645,1,0.716949152542373,0.991909385113269,0.24,0.998366013071895,0.695081967213115,1,0.160330578512397,0.94345718901454,0.922955974842767,0.559405940594059,0.625,0.599025974025974,0.0204081632653061,0.338072669826224,0.996815286624204,0.915447154471545,1,0.201612903225806,0.212218649517685,0.00312989045383412,0.996820349761526,0.993431855500821,0.944444444444444,0.608763693270736,0,0.985123966942149,0,0.40064620355412,0.659016393442623,0.633613445378151,0.00159744408945687,0.0752864157119476,0.328455284552846,0.313408723747981,0.00328947368421053
"35",0.177852348993289,0.459935897435897,0.374592833876221,0.425566343042071,0.988543371522095,0.0679304897314376,0.456279809220986,0.00649350649350649,0.152037617554859,0.416012558869702,0.511111111111111,0.910130718954248,0.255354200988468,0.0724876441515651,0.625201938610662,0.929173693086003,0.837662337662338,0.456730769230769,0.375786163522013,0.352564102564103,0.828618968386023,0.6144,0.895081967213115,0.954022988505747,0.82843137254902,0.987321711568938,0.844911147011309,0.15311004784689,0.467005076142132,0.136807817589577,0.598425196850394,0.142378559463987,0.450406504065041,0.160330578512397,1,0.0595813204508857,0.0421875,0.590614886731392,0.548076923076923,0.554471544715447,0.853736089030207,0.499217527386541,0.138888888888889,0.0489731437598736,0.127625201938611,0.641479099678457,0.625,0.827476038338658,0.1632,0.133443163097199,0.0556438791732909,0.251956181533646,0.840650406504065,0.126229508196721,0.840064620355412,0.42879746835443,0.311475409836066,0.529812606473595,0.821484992101106,0.933224755700326,0.489465153970827,0.512820512820513,0.832512315270936
"36",0.892739273927393,0.624806201550388,0.699212598425197,0.491961414790997,0.080327868852459,1,0.637820512820513,0.955342902711324,0.948275862068966,0.507739938080495,0.575235109717868,0.162939297124601,0.797788309636651,1,0.292993630573248,0,0.0674157303370786,0.457547169811321,0.708722741433022,0.725274725274725,0.0642504118616145,0.478939157566303,0.17124394184168,0.118122977346278,0.0666666666666667,0.0757341576506955,0.0641025641025641,0.942006269592476,0.623946037099494,0.94408945686901,0.31924882629108,0.95114006514658,0.62760834670947,0.94345718901454,0.0595813204508857,1,0.990712074303406,0.47887323943662,0.534290271132376,0.507911392405063,0.0515625,0.423017107309487,0.960443037974684,0.995283018867924,0.94888178913738,0.264659270998415,0.29093799682035,0.0686427457098284,0.952380952380952,0.96078431372549,1,0.702619414483821,0.0586319218241042,0.962662337662338,0.0556438791732909,0.492088607594937,0.754838709677419,0.553897180762852,0.0667726550079491,0,0.419773095623987,0.399366085578447,0.0668789808917197
"37",0.864951768488746,0.582822085889571,0.657686212361331,0.529042386185243,0.0686900958466454,0.989425981873112,0.596875,0.970724191063174,0.925349922239502,0.536036036036036,0.538102643856921,0.1515625,0.7765625,0.992223950233281,0.333850931677019,0.00809061488673139,0.096875,0.496969696969697,0.668683812405446,0.685185185185185,0.0909090909090909,0.440548780487805,0.15962441314554,0.100946372239748,0.097331240188383,0.0598159509202454,0.0883720930232558,0.911450381679389,0.583333333333333,0.925278219395866,0.357251908396947,0.929824561403509,0.593406593406593,0.922955974842767,0.0421875,0.990712074303406,1,0.43944099378882,0.505426356589147,0.478056426332288,0.0741301059001513,0.456325301204819,0.93587786259542,1,0.93167701863354,0.299694189602446,0.333333333333333,0.0964777947932619,0.921898928024502,0.937299035369775,0.99075500770416,0.730134932533733,0.0834645669291339,0.942989214175655,0.0858895705521472,0.526479750778816,0.769953051643192,0.520193861066236,0.0995405819295559,0.00938967136150235,0.458267716535433,0.426153846153846,0.0990566037735849
