"","V1","V2","V3","V4","V5","V6","V7","V8","V9","V10","V11","V12","V13","V14","V15","V16","V17","V18","V19","V20","V21","V22","V23","V24","V25","V26","V27","V28","V29","V30","V31","V32","V33","V34","V35","V36","V37","V38","V39","V40","V41","V42","V43","V44","V45","V46","V47","V48","V49","V50","V51","V52","V53","V54","V55","V56","V57","V58","V59","V60","V61","V62","V63"
"1",1,0.689381933438986,0.740445859872611,0.558641975308642,0.603833865814696,0.677777777777778,0.7328125,0.66025641025641,0.7296,0.6112,0.762626262626263,0.62248322147651,0.751188589540412,0.685214626391097,0.265723270440252,0.5904,0.2752,0.255150554675119,0.747524752475248,0.767255216693419,0.34887459807074,0.624793388429752,0.660910518053375,0.6032,0.371248025276461,0.602990033222591,0.307046979865772,0.773869346733668,0.746293245469522,0.752827140549273,0.265238879736409,0.726829268292683,0.685714285714286,0.756493506493506,0.6176,0.648562300319489,0.648,0.75702479338843,0.74375,0.996715927750411,0.431208053691275,0.275477707006369,0.675039246467818,0.657051282051282,0.748792270531401,0.262321144674086,0.268921095008052,0.251956181533646,0.737421383647799,0.672386895475819,0.670347003154574,0.636070853462158,0.551446945337621,0.678288431061807,0.243941841680129,0.276190476190476,0.619834710743802,0.787479406919275,0.287781350482315,0.567260940032415,0.263322884012539,0.262987012987013,0.261788617886179
"2",0.689381933438986,1,0.858034321372855,0.284403669724771,0.937019969278034,0.41185647425897,0.859567901234568,0.38375796178344,0.588607594936709,0.304278922345483,0.882544861337684,0.941841680129241,0.847328244274809,0.437694704049844,0.26646248085758,0.897356143079316,0.295527156549521,0.263157894736842,0.8496,0.867834394904459,0.379365079365079,0.943729903536977,0.949464012251149,0.93900481540931,0.468652037617555,0.920195439739414,0.452145214521452,0.65210355987055,0.870813397129187,0.362341772151899,0.248387096774194,0.640127388535032,0.998425196850394,0.794992175273865,0.929245283018868,0.399684044233807,0.407232704402516,0.867313915857605,0.873456790123457,0.729984301412873,0.598993288590604,0.239938080495356,0.420062695924765,0.402777777777778,0.644549763033175,0.26530612244898,0.246422893481717,0.27047913446677,0.648773006134969,0.427258805513017,0.413738019169329,0.374807987711214,0.892234548335975,0.436420722135008,0.269108280254777,0.224299065420561,0.30983606557377,0.869009584664537,0.412238325281804,0.745627980922099,0.23583460949464,0.249206349206349,0.256692913385827
"3",0.740445859872611,0.858034321372855,1,0.28158295281583,0.810185185185185,0.518575851393189,1,0.480499219968799,0.69922480620155,0.343260188087774,1,0.81342062193126,1,0.541471048513302,0.13109756097561,0.771739130434783,0.175632911392405,0.133333333333333,1,1,0.268987341772152,0.824281150159744,0.832558139534884,0.808544303797468,0.349922239502333,0.788617886178862,0.332792207792208,0.783653846153846,1,0.437598736176935,0.121835443037975,0.781102362204724,0.883280757097792,0.9484375,0.811526479750779,0.52099533437014,0.500794912559618,1,1,0.77133655394525,0.481907894736842,0.107476635514019,0.535101404056162,0.510971786833856,0.774294670846395,0.127158555729984,0.117004680187207,0.133846153846154,0.793478260869565,0.536697247706422,0.527863777089783,0.482919254658385,0.729393468118196,0.541085271317829,0.147744945567652,0.10355486862442,0.338141025641026,0.984202211690363,0.290529695024077,0.630990415335463,0.110591900311526,0.118210862619808,0.140157480314961
"4",0.558641975308642,0.284403669724771,0.28158295281583,1,0.244992295839753,0.658536585365854,0.288343558282209,0.686064318529862,0.483720930232558,1,0.296875,0.2592,0.289676425269646,0.648233486943164,0.67629179331307,0.271186440677966,0.617924528301887,0.671802773497689,0.304552590266876,0.305900621118012,0.609984399375975,0.24405705229794,0.264525993883792,0.242566510172144,0.563076923076923,0.270700636942675,0.48538961038961,0.417322834645669,0.2976,0.931034482758621,0.682316118935837,0.4140625,0.252713178294574,0.308777429467085,0.25193199381762,0.663551401869159,0.671826625386997,0.317034700315457,0.294294294294294,0.508474576271186,0.390444810543657,0.719512195121951,0.647239263803681,0.683969465648855,0.426771653543307,0.6625,0.718027734976888,0.649847094801223,0.423368740515933,0.64741641337386,0.650231124807396,0.692889561270802,0.306376360808709,0.651234567901235,0.654088050314465,0.715361445783133,0.979299363057325,0.31619937694704,0.518867924528302,0.319620253164557,0.693251533742331,0.6828125,0.67032967032967
"5",0.603833865814696,0.937019969278034,0.810185185185185,0.244992295839753,1,0.334375,0.805598755832037,0.316358024691358,0.509345794392523,0.258215962441315,0.825242718446602,1,0.794117647058823,0.357698289269051,0.331782945736434,0.97045101088647,0.37258064516129,0.334365325077399,0.798732171156894,0.821036106750393,0.435612082670906,1,0.9921875,1,0.540284360189573,0.987117552334944,0.535369774919614,0.577170418006431,0.81042654028436,0.296703296703297,0.3008,0.574603174603175,0.933544303797468,0.737756714060032,1,0.311811023622047,0.345256609642302,0.815112540192926,0.816923076923077,0.663507109004739,0.682724252491694,0.304821150855365,0.339506172839506,0.329230769230769,0.561128526645768,0.324367088607595,0.308176100628931,0.355140186915888,0.572307692307692,0.343032159264931,0.33122028526149,0.298136645962733,0.923913043478261,0.351014040561622,0.356687898089172,0.283513097072419,0.261712439418417,0.820349761526232,0.482594936708861,0.815409309791332,0.301857585139319,0.313479623824451,0.335974643423138
"6",0.677777777777778,0.41185647425897,0.518575851393189,0.658536585365854,0.334375,1,0.534351145038168,0.9921875,0.875776397515528,0.724137931034483,0.514376996805112,0.342443729903537,0.549079754601227,0.996904024767802,0.299382716049383,0.274691358024691,0.262903225806452,0.321044546850998,0.540322580645161,0.530421216848674,0.205696202531646,0.344051446945338,0.353120243531202,0.34585289514867,0.182965299684543,0.314845024469821,0.140127388535032,0.780096308186196,0.516693163751987,0.795886075949367,0.302839116719243,0.761755485893417,0.43778801843318,0.6015625,0.338485316846986,1,0.993769470404984,0.519169329073482,0.511415525114155,0.565560821484992,0.185430463576159,0.343511450381679,1,0.998466257668712,0.793929712460064,0.295133437990581,0.320872274143302,0.284591194968553,0.784403669724771,0.998470948012232,1,0.981308411214953,0.32348367029549,1,0.278125,0.359253499222395,0.733974358974359,0.517628205128205,0.173354735152488,0.205741626794258,0.325581395348837,0.31875,0.280952380952381
"7",0.7328125,0.859567901234568,1,0.288343558282209,0.805598755832037,0.534351145038168,1,0.49306625577812,0.718266253869969,0.342767295597484,1,0.811897106109325,1,0.55,0.126524390243902,0.769938650306748,0.168238993710692,0.12037037037037,1,1,0.252365930599369,0.835443037974684,0.825688073394495,0.80690737833595,0.332307692307692,0.783606557377049,0.305194805194805,0.795819935691318,1,0.450236966824645,0.123809523809524,0.796502384737679,0.886645962732919,0.950844854070661,0.810047095761381,0.519685039370079,0.503875968992248,1,1,0.75,0.480263157894737,0.0995405819295559,0.541213063763608,0.521671826625387,0.78330658105939,0.12280701754386,0.110935023771791,0.129829984544049,0.802752293577982,0.542113323124043,0.534562211981567,0.496124031007752,0.727838258164852,0.558641975308642,0.140575079872204,0.0937019969278034,0.345659163987138,0.98876404494382,0.28391167192429,0.62741935483871,0.100308641975309,0.1088,0.130503144654088
"8",0.66025641025641,0.38375796178344,0.480499219968799,0.686064318529862,0.316358024691358,0.9921875,0.49306625577812,1,0.837795275590551,0.746411483253589,0.477832512315271,0.323529411764706,0.500780031201248,0.990536277602524,0.343653250773994,0.261275272161742,0.3008,0.364928909952607,0.495908346972177,0.498412698412698,0.262992125984252,0.323101777059774,0.324074074074074,0.320063694267516,0.236677115987461,0.29783693843594,0.178688524590164,0.732899022801303,0.4688995215311,0.815580286168522,0.346278317152104,0.729001584786054,0.400313971742543,0.565625,0.305379746835443,0.990521327014218,1,0.46839546191248,0.475460122699386,0.553429027113238,0.194256756756757,0.393987341772152,0.987341772151899,1,0.746006389776358,0.338141025641026,0.3728,0.342767295597484,0.751152073732719,0.986046511627907,0.987441130298273,1,0.305295950155763,0.989096573208723,0.329052969502408,0.41304347826087,0.764516129032258,0.475513428120063,0.220967741935484,0.20327868852459,0.372641509433962,0.36724960254372,0.32484076433121
"9",0.7296,0.588607594936709,0.69922480620155,0.483720930232558,0.509345794392523,0.875776397515528,0.718266253869969,0.837795275590551,1,0.56418383518225,0.70873786407767,0.495908346972177,0.721875,0.873239436619718,0.122448979591837,0.440251572327044,0.117263843648208,0.143533123028391,0.727126805778491,0.714511041009464,0.110935023771791,0.528363047001621,0.531055900621118,0.503949447077409,0.135725429017161,0.462540716612378,0.0827922077922078,0.967689822294023,0.718901453957997,0.671451355661882,0.123595505617978,0.967532467532468,0.621875,0.794952681388013,0.492088607594937,0.840764331210191,0.846394984326019,0.692182410423453,0.706336939721793,0.635782747603834,0.197019867549669,0.168503937007874,0.887323943661972,0.852664576802508,0.992211838006231,0.120253164556962,0.138436482084691,0.109717868338558,1,0.890092879256966,0.866877971473851,0.819466248037677,0.418238993710692,0.8921875,0.109324758842444,0.164576802507837,0.577302631578947,0.7056,0.10031847133758,0.301458670988655,0.143987341772152,0.135782747603834,0.113207547169811
"10",0.6112,0.304278922345483,0.343260188087774,1,0.258215962441315,0.724137931034483,0.342767295597484,0.746411483253589,0.56418383518225,1,0.337152209492635,0.277685950413223,0.351648351648352,0.71585557299843,0.592476489028213,0.26875,0.523424878836834,0.594339622641509,0.3664,0.357366771159875,0.552547770700637,0.252459016393443,0.277691107644306,0.2512,0.505529225908373,0.276143790849673,0.420880913539967,0.496742671009772,0.357710651828299,0.948220064724919,0.586709886547812,0.500805152979066,0.288188976377953,0.374203821656051,0.261146496815287,0.733755942947702,0.730283911671924,0.363929146537842,0.341049382716049,0.550955414012739,0.343853820598007,0.642405063291139,0.7168,0.745283018867924,0.512,0.5712,0.610845295055821,0.564945226917058,0.502332814930016,0.723076923076923,0.721337579617834,0.755007704160247,0.316118935837246,0.713166144200627,0.567961165048544,0.641304347826087,0.99184339314845,0.366987179487179,0.456,0.294788273615635,0.62037037037037,0.598086124401914,0.589371980676328
"11",0.762626262626263,0.882544861337684,1,0.296875,0.825242718446602,0.514376996805112,1,0.477832512315271,0.70873786407767,0.337152209492635,1,0.825259515570934,1,0.536704730831974,0.138041733547352,0.785365853658537,0.189597315436242,0.142857142857143,1,1,0.271828665568369,0.848837209302326,0.848142164781906,0.825732899022801,0.349753694581281,0.793402777777778,0.32937181663837,0.796638655462185,1,0.442786069651741,0.133111480865225,0.782752902155887,0.896381578947368,0.939739413680782,0.832504145936982,0.503257328990228,0.500821018062397,1,1,0.775374376039933,0.500866551126516,0.114832535885167,0.523887973640857,0.503246753246753,0.774140752864157,0.148026315789474,0.126878130217028,0.149350649350649,0.794165316045381,0.524642289348172,0.51227495908347,0.462157809983897,0.7430441898527,0.538461538461538,0.160267111853088,0.11525974025974,0.33502538071066,0.988391376451078,0.302013422818792,0.648739495798319,0.118780096308186,0.127483443708609,0.14332784184514
"12",0.62248322147651,0.941841680129241,0.81342062193126,0.2592,1,0.342443729903537,0.811897106109325,0.323529411764706,0.495908346972177,0.277685950413223,0.825259515570934,1,0.795379537953795,0.355960264900662,0.342356687898089,0.9744,0.372712146422629,0.338187702265372,0.811258278145695,0.821666666666667,0.449013157894737,1,0.99185667752443,1,0.544117647058823,0.984641638225256,0.536379018612521,0.568296795952782,0.811666666666667,0.308970099667774,0.308724832214765,0.561551433389545,0.932231404958678,0.743464052287582,1,0.313232830820771,0.347540983606557,0.816360601001669,0.822866344605475,0.687603305785124,0.676975945017182,0.309446254071661,0.342715231788079,0.338815789473684,0.550748752079867,0.332242225859247,0.306260575296108,0.356073211314476,0.564308681672026,0.34991974317817,0.338308457711443,0.309328968903437,0.922697368421053,0.353130016051364,0.347315436241611,0.294308943089431,0.277210884353741,0.816360601001669,0.472636815920398,0.821124361158433,0.307443365695793,0.316582914572864,0.33728813559322
"13",0.751188589540412,0.847328244274809,1,0.289676425269646,0.794117647058823,0.549079754601227,1,0.500780031201248,0.721875,0.351648351648352,1,0.795379537953795,1,0.564742589703588,0.118721461187215,0.754276827371695,0.161949685534591,0.11937984496124,1,1,0.250388802488336,0.816164817749604,0.816232771822358,0.798751950078003,0.31839258114374,0.769480519480519,0.303858520900322,0.810593900481541,1,0.449526813880126,0.118670886075949,0.801251956181534,0.870170015455951,0.952160493827161,0.8015625,0.539291217257319,0.532507739938081,1,1,0.765723270440252,0.466003316749585,0.100609756097561,0.559875583203733,0.540123456790123,0.7921875,0.1171875,0.10828025477707,0.130232558139535,0.811437403400309,0.558421851289833,0.548136645962733,0.506172839506173,0.712074303405573,0.565485362095532,0.135646687697161,0.0962732919254658,0.346774193548387,0.979719188767551,0.276461295418641,0.614533965244866,0.103076923076923,0.107142857142857,0.125786163522013
"14",0.685214626391097,0.437694704049844,0.541471048513302,0.648233486943164,0.357698289269051,0.996904024767802,0.55,0.990536277602524,0.873239436619718,0.71585557299843,0.536704730831974,0.355960264900662,0.564742589703588,1,0.304347826086957,0.291925465838509,0.254746835443038,0.322480620155039,0.555735056542811,0.552715654952077,0.22257053291536,0.368421052631579,0.369327073552426,0.358730158730159,0.196513470681458,0.336079077429984,0.158653846153846,0.782467532467532,0.5312,0.797124600638978,0.303656597774245,0.769968051118211,0.453396524486572,0.6125,0.348031496062992,0.993700787401575,0.992150706436421,0.533442088091354,0.532924961715161,0.574603174603175,0.184433164128596,0.344086021505376,0.993640699523052,0.993730407523511,0.79585326953748,0.291993720565149,0.3264,0.308892355694228,0.787925696594427,0.993846153846154,0.996860282574568,0.976780185758514,0.332807570977918,0.996870109546166,0.28780487804878,0.357698289269051,0.728295819935691,0.520766773162939,0.178343949044586,0.220228384991843,0.335423197492163,0.321144674085851,0.28436018957346
"15",0.265723270440252,0.26646248085758,0.13109756097561,0.67629179331307,0.331782945736434,0.299382716049383,0.126524390243902,0.343653250773994,0.122448979591837,0.592476489028213,0.138041733547352,0.342356687898089,0.118721461187215,0.304347826086957,1,0.389230769230769,0.960567823343849,0.993846153846154,0.104501607717042,0.137984496124031,0.861068702290076,0.3088,0.316030534351145,0.330203442879499,0.810185185185185,0.365853658536585,0.839427662957075,0.0807754442649435,0.124401913875598,0.47906976744186,1,0.082018927444795,0.243491577335375,0.0892018779342723,0.331269349845201,0.316692667706708,0.324574961360124,0.143533123028391,0.128205128205128,0.312401883830455,0.661616161616162,0.981510015408321,0.285496183206107,0.3328173374613,0.0804416403785489,1,0.998439937597504,1,0.0634674922600619,0.290519877675841,0.290824261275272,0.361111111111111,0.432307692307692,0.286370597243492,1,0.987673343605547,0.58974358974359,0.138147566718995,0.86053882725832,0.522364217252396,0.992295839753467,0.998425196850394,1
"16",0.5904,0.897356143079316,0.771739130434783,0.271186440677966,0.97045101088647,0.274691358024691,0.769938650306748,0.261275272161742,0.440251572327044,0.26875,0.785365853658537,0.9744,0.754276827371695,0.291925465838509,0.389230769230769,1,0.436305732484076,0.382352941176471,0.768253968253968,0.788976377952756,0.515007898894155,0.964968152866242,0.986046511627907,0.971473851030111,0.597842835130971,0.977161500815661,0.606741573033708,0.51294498381877,0.77567140600316,0.29140127388535,0.35031847133758,0.518987341772152,0.895061728395062,0.70440251572327,0.982758620689655,0.255520504731861,0.283018867924528,0.78594249201278,0.782674772036474,0.669856459330144,0.781350482315113,0.348228043143297,0.281538461538462,0.272161741835148,0.494488188976378,0.388888888888889,0.352564102564103,0.398449612403101,0.516923076923077,0.287461773700306,0.274294670846395,0.252663622526636,0.915625,0.303265940902022,0.4,0.335925349922239,0.27724358974359,0.779874213836478,0.560509554140127,0.914012738853503,0.358346094946401,0.352380952380952,0.391236306729264
"17",0.2752,0.295527156549521,0.175632911392405,0.617924528301887,0.37258064516129,0.262903225806452,0.168238993710692,0.3008,0.117263843648208,0.523424878836834,0.189597315436242,0.372712146422629,0.161949685534591,0.254746835443038,0.960567823343849,0.436305732484076,1,0.944444444444444,0.154723127035831,0.179032258064516,0.883116883116883,0.349673202614379,0.355661881977671,0.363636363636364,0.8432,0.417085427135678,0.878333333333333,0.0909090909090909,0.171849427168576,0.415711947626841,1,0.0831973898858075,0.27491961414791,0.117552334943639,0.376,0.288461538461538,0.286634460547504,0.191489361702128,0.17527386541471,0.318910256410256,0.708967851099831,0.926163723916533,0.252351097178683,0.289176090468498,0.0813008130081301,0.958532695374801,0.959481361426256,0.952380952380952,0.0754414125200642,0.251170046801872,0.256410256410256,0.318541996830428,0.482315112540193,0.2496,0.959016393442623,0.932475884244373,0.532894736842105,0.18801996672213,0.879282218597064,0.574712643678161,0.945337620578778,0.949675324675325,0.965630114566285
"18",0.255150554675119,0.263157894736842,0.133333333333333,0.671802773497689,0.334365325077399,0.321044546850998,0.12037037037037,0.364928909952607,0.143533123028391,0.594339622641509,0.142857142857143,0.338187702265372,0.11937984496124,0.322480620155039,0.993846153846154,0.382352941176471,0.944444444444444,1,0.106918238993711,0.138582677165354,0.845181674565561,0.305825242718447,0.311145510835913,0.336448598130841,0.7921875,0.360522022838499,0.821428571428571,0.098546042003231,0.123003194888179,0.4816,0.992101105845182,0.102040816326531,0.238689547581903,0.089622641509434,0.339089481946625,0.34181240063593,0.35202492211838,0.13968253968254,0.123287671232877,0.302507836990596,0.633057851239669,0.972222222222222,0.314241486068111,0.344135802469136,0.0959119496855346,0.992248062015504,0.992050874403816,0.988958990536278,0.0911854103343465,0.30640243902439,0.317535545023697,0.386645962732919,0.429017160686427,0.312210200927357,0.988906497622821,0.981566820276498,0.600321027287319,0.139318885448916,0.824088748019017,0.505529225908373,0.983180428134557,0.99203821656051,0.990461049284579
"19",0.747524752475248,0.8496,1,0.304552590266876,0.798732171156894,0.540322580645161,1,0.495908346972177,0.727126805778491,0.3664,1,0.811258278145695,1,0.555735056542811,0.104501607717042,0.768253968253968,0.154723127035831,0.106918238993711,1,1,0.252836304700162,0.830313014827018,0.826771653543307,0.801639344262295,0.321144674085851,0.772954924874791,0.296173044925125,0.797658862876254,1,0.454397394136808,0.0952380952380952,0.793214862681745,0.874592833876222,0.967793880837359,0.799357945425361,0.537581699346405,0.524959742351047,1,1,0.760517799352751,0.460370994940978,0.0841269841269841,0.553054662379421,0.526232114467409,0.78743961352657,0.109697933227345,0.0939044481054366,0.108196721311475,0.813291139240506,0.546603475513428,0.547385620915033,0.501587301587302,0.71496062992126,0.552166934189406,0.125827814569536,0.080952380952381,0.348333333333333,0.977309562398703,0.272430668841762,0.606010016694491,0.0893141945773525,0.0939044481054366,0.115635179153094
"20",0.767255216693419,0.867834394904459,1,0.305900621118012,0.821036106750393,0.530421216848674,1,0.498412698412698,0.714511041009464,0.357366771159875,1,0.821666666666667,1,0.552715654952077,0.137984496124031,0.788976377952756,0.179032258064516,0.138582677165354,1,1,0.264516129032258,0.841423948220065,0.845295055821372,0.819935691318328,0.342271293375394,0.793333333333333,0.322742474916388,0.787928221859706,1,0.462035541195477,0.131493506493506,0.786407766990291,0.892018779342723,0.950949367088608,0.818897637795276,0.523500810372772,0.52276295133438,1,1,0.784219001610306,0.489795918367347,0.10989010989011,0.545886075949367,0.525902668759812,0.777070063694268,0.129541864139021,0.119935170178282,0.141509433962264,0.8,0.544025157232704,0.542264752791069,0.4928,0.736263736263736,0.553822152886115,0.1552,0.106012658227848,0.360134003350084,0.980861244019139,0.292282430213465,0.631239935587762,0.107765451664025,0.12741935483871,0.143548387096774
"21",0.34887459807074,0.379365079365079,0.268987341772152,0.609984399375975,0.435612082670906,0.205696202531646,0.252365930599369,0.262992125984252,0.110935023771791,0.552547770700637,0.271828665568369,0.449013157894737,0.250388802488336,0.22257053291536,0.861068702290076,0.515007898894155,0.883116883116883,0.845181674565561,0.252836304700162,0.264516129032258,1,0.423895253682488,0.422118380062305,0.434504792332268,1,0.485148514851485,1,0.115321252059308,0.264274061990212,0.433441558441558,0.864820846905538,0.106109324758842,0.336463223787167,0.216905901116427,0.427652733118971,0.2608,0.245253164556962,0.288492706645057,0.261868300153139,0.425806451612903,0.781512605042017,0.828346456692913,0.21993670886076,0.247588424437299,0.105431309904153,0.860353130016051,0.872408293460925,0.869983948635634,0.101880877742947,0.215748031496063,0.225908372827804,0.272300469483568,0.542857142857143,0.210443037974684,0.863563402889246,0.832288401253918,0.54485049833887,0.279742765273312,0.953451043338684,0.685337726523888,0.847003154574132,0.85031847133758,0.877777777777778
"22",0.624793388429752,0.943729903536977,0.824281150159744,0.24405705229794,1,0.344051446945338,0.835443037974684,0.323101777059774,0.528363047001621,0.252459016393443,0.848837209302326,1,0.816164817749604,0.368421052631579,0.3088,0.964968152866242,0.349673202614379,0.305825242718447,0.830313014827018,0.841423948220065,0.423895253682488,1,0.991935483870968,1,0.521035598705502,0.982788296041308,0.516239316239316,0.592905405405405,0.835796387520525,0.300813008130081,0.28125,0.591666666666667,0.938311688311688,0.760195758564437,1,0.323717948717949,0.348684210526316,0.833881578947368,0.845425867507886,0.69281045751634,0.67008547008547,0.276357827476038,0.354992076069731,0.335504885993485,0.585365853658537,0.300813008130081,0.282218597063622,0.323717948717949,0.591772151898734,0.363344051446945,0.346341463414634,0.29951690821256,0.906752411575563,0.367088607594937,0.315181518151815,0.26550079491256,0.25546218487395,0.838333333333333,0.461912479740681,0.819078947368421,0.2768,0.282430213464696,0.319286871961102
"23",0.660910518053375,0.949464012251149,0.832558139534884,0.264525993883792,0.9921875,0.353120243531202,0.825688073394495,0.324074074074074,0.531055900621118,0.277691107644306,0.848142164781906,0.99185667752443,0.816232771822358,0.369327073552426,0.316030534351145,0.986046511627907,0.355661881977671,0.311145510835913,0.826771653543307,0.845295055821372,0.422118380062305,0.991935483870968,1,0.99211356466877,0.520123839009288,0.983870967741935,0.512987012987013,0.612641815235008,0.832288401253918,0.333863275039746,0.277165354330709,0.597774244833068,0.945226917057903,0.766192733017378,0.995363214837713,0.327102803738318,0.35625,0.839874411302983,0.838414634146341,0.720634920634921,0.668333333333333,0.279752704791345,0.355038759689922,0.351766513056836,0.58740157480315,0.314553990610329,0.292721518987342,0.330275229357798,0.596923076923077,0.362095531587057,0.349453978159126,0.315217391304348,0.931570762052877,0.376947040498442,0.318541996830428,0.263975155279503,0.274061990212072,0.849921011058452,0.446054750402576,0.819776714513557,0.281055900621118,0.290372670807453,0.310618066561014
"24",0.6032,0.93900481540931,0.808544303797468,0.242566510172144,1,0.34585289514867,0.80690737833595,0.320063694267516,0.503949447077409,0.2512,0.825732899022801,1,0.798751950078003,0.358730158730159,0.330203442879499,0.971473851030111,0.363636363636364,0.336448598130841,0.801639344262295,0.819935691318328,0.434504792332268,1,0.99211356466877,1,0.532258064516129,0.983388704318937,0.539232053422371,0.561576354679803,0.811382113821138,0.306946688206785,0.310289389067524,0.561290322580645,0.934817170111288,0.738782051282051,1,0.316639741518578,0.33968253968254,0.818330605564648,0.825196850393701,0.666666666666667,0.680960548885077,0.304416403785489,0.346811819595645,0.332802547770701,0.556089743589744,0.337641357027464,0.308441558441558,0.355555555555556,0.566455696202532,0.351393188854489,0.337078651685393,0.303174603174603,0.915227629513344,0.362619808306709,0.340909090909091,0.295418641390205,0.264900662251656,0.813915857605178,0.482371794871795,0.826666666666667,0.301435406698565,0.316720257234727,0.338709677419355
"25",0.371248025276461,0.468652037617555,0.349922239502333,0.563076923076923,0.540284360189573,0.182965299684543,0.332307692307692,0.236677115987461,0.135725429017161,0.505529225908373,0.349753694581281,0.544117647058823,0.31839258114374,0.196513470681458,0.810185185185185,0.597842835130971,0.8432,0.7921875,0.321144674085851,0.342271293375394,1,0.521035598705502,0.520123839009288,0.532258064516129,1,0.590759075907591,0.996742671009772,0.150662251655629,0.331715210355987,0.412698412698413,0.8128,0.15,0.42246835443038,0.275477707006369,0.528301886792453,0.226917057902973,0.225856697819315,0.364365971107544,0.344563552833078,0.462382445141066,0.793103448275862,0.771822358346095,0.196594427244582,0.224489795918367,0.145800316957211,0.800314465408805,0.811501597444089,0.811708860759494,0.139968895800933,0.192901234567901,0.205007824726135,0.242283950617284,0.627943485086342,0.193447737909516,0.814992025518341,0.772445820433437,0.495921696574225,0.350793650793651,0.931528662420382,0.725396825396825,0.786499215070644,0.791332263242376,0.817749603803486
"26",0.602990033222591,0.920195439739414,0.788617886178862,0.270700636942675,0.987117552334944,0.314845024469821,0.783606557377049,0.29783693843594,0.462540716612378,0.276143790849673,0.793402777777778,0.984641638225256,0.769480519480519,0.336079077429984,0.365853658536585,0.977161500815661,0.417085427135678,0.360522022838499,0.772954924874791,0.793333333333333,0.485148514851485,0.982788296041308,0.983870967741935,0.983388704318937,0.590759075907591,1,0.580479452054795,0.543441226575809,0.786078098471986,0.314720812182741,0.347540983606557,0.539735099337748,0.913621262458472,0.704132231404959,0.995098039215686,0.289256198347107,0.315359477124183,0.802325581395349,0.79549114331723,0.67003367003367,0.714795008912656,0.337096774193548,0.308196721311475,0.30327868852459,0.526936026936027,0.361386138613861,0.347826086956522,0.386513157894737,0.530844155844156,0.323529411764706,0.306020066889632,0.282467532467532,0.934747145187602,0.325842696629214,0.378289473684211,0.32569558101473,0.27580372250423,0.796954314720812,0.517064846416382,0.851282051282051,0.337060702875399,0.34257748776509,0.370860927152318
"27",0.307046979865772,0.452145214521452,0.332792207792208,0.48538961038961,0.535369774919614,0.140127388535032,0.305194805194805,0.178688524590164,0.0827922077922078,0.420880913539967,0.32937181663837,0.536379018612521,0.303858520900322,0.158653846153846,0.839427662957075,0.606741573033708,0.878333333333333,0.821428571428571,0.296173044925125,0.322742474916388,1,0.516239316239316,0.512987012987013,0.539232053422371,0.996742671009772,0.580479452054795,1,0.115059221658206,0.307046979865772,0.314475873544093,0.841137123745819,0.104651162790698,0.423140495867769,0.259259259259259,0.530944625407166,0.183946488294314,0.176182707993475,0.341137123745819,0.330658105939005,0.419141914191419,0.851138353765324,0.792544570502431,0.151960784313725,0.181076672104405,0.100494233937397,0.835526315789474,0.83249581239531,0.843137254901961,0.0928,0.14975845410628,0.15,0.19645732689211,0.627062706270627,0.143089430894309,0.847315436241611,0.797734627831715,0.41396933560477,0.339464882943144,0.98989898989899,0.786324786324786,0.81505728314239,0.81787521079258,0.851913477537438
"28",0.773869346733668,0.65210355987055,0.783653846153846,0.417322834645669,0.577170418006431,0.780096308186196,0.795819935691318,0.732899022801303,0.967689822294023,0.496742671009772,0.796638655462185,0.568296795952782,0.810593900481541,0.782467532467532,0.0807754442649435,0.51294498381877,0.0909090909090909,0.098546042003231,0.797658862876254,0.787928221859706,0.115321252059308,0.592905405405405,0.612641815235008,0.561576354679803,0.150662251655629,0.543441226575809,0.115059221658206,1,0.793388429752066,0.616144975288303,0.0844370860927152,0.978583196046129,0.677993527508091,0.845410628019324,0.568,0.738842975206612,0.749590834697218,0.774624373956594,0.79140127388535,0.679276315789474,0.262152777777778,0.124600638977636,0.79549114331723,0.741883116883117,0.993431855500821,0.0884244372990354,0.0928338762214984,0.0810810810810811,0.990491283676704,0.802907915993538,0.780998389694042,0.71658615136876,0.494327390599676,0.794117647058823,0.075,0.117932148626817,0.508278145695364,0.7856,0.113902847571189,0.388513513513513,0.0964052287581699,0.0973597359735974,0.0793388429752066
"29",0.746293245469522,0.870813397129187,1,0.2976,0.81042654028436,0.516693163751987,1,0.4688995215311,0.718901453957997,0.357710651828299,1,0.811666666666667,1,0.5312,0.124401913875598,0.77567140600316,0.171849427168576,0.123003194888179,1,1,0.264274061990212,0.835796387520525,0.832288401253918,0.811382113821138,0.331715210355987,0.786078098471986,0.307046979865772,0.793388429752066,1,0.445161290322581,0.114617940199336,0.794788273615635,0.884310618066561,0.946688206785137,0.809677419354839,0.503164556962025,0.5,1,1,0.766339869281046,0.474662162162162,0.097444089456869,0.529968454258675,0.511146496815287,0.787878787878788,0.124183006535948,0.107843137254902,0.123397435897436,0.803767660910518,0.520504731861199,0.531300160513644,0.471428571428571,0.736585365853659,0.541139240506329,0.141233766233766,0.0925039872408294,0.350584307178631,0.990430622009569,0.28006589785832,0.636065573770492,0.096,0.10655737704918,0.123980424143556
"30",0.752827140549273,0.362341772151899,0.437598736176935,0.931034482758621,0.296703296703297,0.795886075949367,0.450236966824645,0.815580286168522,0.671451355661882,0.948220064724919,0.442786069651741,0.308970099667774,0.449526813880126,0.797124600638978,0.47906976744186,0.29140127388535,0.415711947626841,0.4816,0.454397394136808,0.462035541195477,0.433441558441558,0.300813008130081,0.333863275039746,0.306946688206785,0.412698412698413,0.314720812182741,0.314475873544093,0.616144975288303,0.445161290322581,1,0.487603305785124,0.599358974358974,0.353130016051364,0.487844408427877,0.308681672025723,0.80064308681672,0.808373590982287,0.451876019575856,0.443217665615142,0.642857142857143,0.29783693843594,0.522691705790297,0.78806907378336,0.819047619047619,0.629268292682927,0.456869009584665,0.517128874388255,0.449920508744038,0.615625,0.788819875776398,0.794498381877023,0.821939586645469,0.323854660347551,0.795819935691318,0.448613376835237,0.536392405063291,1,0.460032626427406,0.34887459807074,0.281456953642384,0.491961414790997,0.484552845528455,0.463414634146341
"31",0.265238879736409,0.248387096774194,0.121835443037975,0.682316118935837,0.3008,0.302839116719243,0.123809523809524,0.346278317152104,0.123595505617978,0.586709886547812,0.133111480865225,0.308724832214765,0.118670886075949,0.303656597774245,1,0.35031847133758,1,0.992101105845182,0.0952380952380952,0.131493506493506,0.864820846905538,0.28125,0.277165354330709,0.310289389067524,0.8128,0.347540983606557,0.841137123745819,0.0844370860927152,0.114617940199336,0.487603305785124,1,0.0789473684210526,0.223300970873786,0.0821256038647343,0.305331179321486,0.323101777059774,0.324193548387097,0.139303482587065,0.121642969984202,0.30655737704918,0.658536585365854,0.987261146496815,0.294498381877023,0.333333333333333,0.0805152979066023,1,0.998376623376623,0.998394863563403,0.0698412698412698,0.296062992125984,0.295934959349594,0.36031746031746,0.353322528363047,0.296178343949045,0.998371335504886,0.993640699523052,0.613114754098361,0.131707317073171,0.84789644012945,0.516778523489933,0.998402555910543,1,1
"32",0.726829268292683,0.640127388535032,0.781102362204724,0.4140625,0.574603174603175,0.761755485893417,0.796502384737679,0.729001584786054,0.967532467532468,0.500805152979066,0.782752902155887,0.561551433389545,0.801251956181534,0.769968051118211,0.082018927444795,0.518987341772152,0.0831973898858075,0.102040816326531,0.793214862681745,0.786407766990291,0.106109324758842,0.591666666666667,0.597774244833068,0.561290322580645,0.15,0.539735099337748,0.104651162790698,0.978583196046129,0.794788273615635,0.599358974358974,0.0789473684210526,1,0.674718196457327,0.841761827079935,0.568938193343899,0.724193548387097,0.739549839228296,0.770358306188925,0.78716744913928,0.655448717948718,0.256666666666667,0.112698412698413,0.783094098883573,0.743670886075949,1,0.0834670947030498,0.0887096774193548,0.0754716981132075,0.996865203761755,0.790880503144654,0.771103896103896,0.702830188679245,0.481658692185008,0.7936,0.072013093289689,0.107765451664025,0.495840266222962,0.783653846153846,0.125611745513866,0.372516556291391,0.0878594249201278,0.0897435897435897,0.0666666666666667
"33",0.685714285714286,0.998425196850394,0.883280757097792,0.252713178294574,0.933544303797468,0.43778801843318,0.886645962732919,0.400313971742543,0.621875,0.288188976377953,0.896381578947368,0.932231404958678,0.870170015455951,0.453396524486572,0.243491577335375,0.895061728395062,0.27491961414791,0.238689547581903,0.874592833876222,0.892018779342723,0.336463223787167,0.938311688311688,0.945226917057903,0.934817170111288,0.42246835443038,0.913621262458472,0.423140495867769,0.677993527508091,0.884310618066561,0.353130016051364,0.223300970873786,0.674718196457327,1,0.82484076433121,0.930708661417323,0.413738019169329,0.426100628930818,0.894230769230769,0.904024767801858,0.7104,0.584717607973422,0.204724409448819,0.447204968944099,0.424764890282132,0.671406003159558,0.244479495268139,0.215873015873016,0.250778816199377,0.68167701863354,0.450920245398773,0.440438871473354,0.401869158878505,0.858712715855573,0.464678178963893,0.245641838351823,0.202786377708978,0.301639344262295,0.882165605095541,0.383870967741935,0.734299516908213,0.211508553654743,0.215530903328051,0.242424242424242
"34",0.756493506493506,0.794992175273865,0.9484375,0.308777429467085,0.737756714060032,0.6015625,0.950844854070661,0.565625,0.794952681388013,0.374203821656051,0.939739413680782,0.743464052287582,0.952160493827161,0.6125,0.0892018779342723,0.70440251572327,0.117552334943639,0.089622641509434,0.967793880837359,0.950949367088608,0.216905901116427,0.760195758564437,0.766192733017378,0.738782051282051,0.275477707006369,0.704132231404959,0.259259259259259,0.845410628019324,0.946688206785137,0.487844408427877,0.0821256038647343,0.841761827079935,0.82484076433121,1,0.744113029827316,0.591346153846154,0.579617834394904,0.941558441558442,0.975116640746501,0.735483870967742,0.426644182124789,0.080188679245283,0.611635220125786,0.579277864992151,0.848631239935588,0.0870967741935484,0.0876623376623377,0.0890302066772655,0.8703125,0.610852713178295,0.605388272583201,0.555379746835443,0.64251968503937,0.624803767660911,0.0967741935483871,0.0662460567823344,0.375201288244767,0.930756843800322,0.234548335974643,0.567479674796748,0.078125,0.0805152979066023,0.0878594249201278
"35",0.6176,0.929245283018868,0.811526479750779,0.25193199381762,1,0.338485316846986,0.810047095761381,0.305379746835443,0.492088607594937,0.261146496815287,0.832504145936982,1,0.8015625,0.348031496062992,0.331269349845201,0.982758620689655,0.376,0.339089481946625,0.799357945425361,0.818897637795276,0.427652733118971,1,0.995363214837713,1,0.528301886792453,0.995098039215686,0.530944625407166,0.568,0.809677419354839,0.308681672025723,0.305331179321486,0.568938193343899,0.930708661417323,0.744113029827316,1,0.313880126182965,0.333860759493671,0.8208,0.819595645412131,0.6816,0.686241610738255,0.31104199066874,0.33953488372093,0.32182103610675,0.555905511811024,0.330143540669856,0.309262166405024,0.360248447204969,0.564142194744977,0.338485316846986,0.32484076433121,0.289763779527559,0.925925925925926,0.340590979782271,0.354531001589825,0.29393468118196,0.270967741935484,0.821484992101106,0.4752,0.837925445705024,0.305379746835443,0.317307692307692,0.341269841269841
"36",0.648562300319489,0.399684044233807,0.52099533437014,0.663551401869159,0.311811023622047,1,0.519685039370079,0.990521327014218,0.840764331210191,0.733755942947702,0.503257328990228,0.313232830820771,0.539291217257319,0.993700787401575,0.316692667706708,0.255520504731861,0.288461538461538,0.34181240063593,0.537581699346405,0.523500810372772,0.2608,0.323717948717949,0.327102803738318,0.316639741518578,0.226917057902973,0.289256198347107,0.183946488294314,0.738842975206612,0.503164556962025,0.80064308681672,0.323101777059774,0.724193548387097,0.413738019169329,0.591346153846154,0.313880126182965,1,0.993700787401575,0.508914100486224,0.509923664122137,0.552922590837283,0.196969696969697,0.3640625,1,0.995253164556962,0.746388443017656,0.3104,0.339774557165862,0.313385826771654,0.74806800618238,0.998463901689708,1,0.978260869565217,0.298412698412698,1,0.306320907617504,0.386895475819033,0.746732026143791,0.5,0.217320261437909,0.21256038647343,0.347551342812006,0.339774557165862,0.307692307692308
"37",0.648,0.407232704402516,0.500794912559618,0.671826625386997,0.345256609642302,0.993769470404984,0.503875968992248,1,0.846394984326019,0.730283911671924,0.500821018062397,0.347540983606557,0.532507739938081,0.992150706436421,0.324574961360124,0.283018867924528,0.286634460547504,0.35202492211838,0.524959742351047,0.52276295133438,0.245253164556962,0.348684210526316,0.35625,0.33968253968254,0.225856697819315,0.315359477124183,0.176182707993475,0.749590834697218,0.5,0.808373590982287,0.324193548387097,0.739549839228296,0.426100628930818,0.579617834394904,0.333860759493671,0.993700787401575,1,0.49512987012987,0.494607087827427,0.54858934169279,0.186868686868687,0.372093023255814,0.992150706436421,1,0.762738853503185,0.323390894819466,0.352941176470588,0.325471698113208,0.762422360248447,0.989180834621329,0.993730407523511,0.992138364779874,0.31911532385466,0.995327102803738,0.313821138211382,0.390625,0.749185667752443,0.501587301587302,0.205169628432956,0.206451612903226,0.356012658227848,0.352941176470588,0.317034700315457
"38",0.75702479338843,0.867313915857605,1,0.317034700315457,0.815112540192926,0.519169329073482,1,0.46839546191248,0.692182410423453,0.363929146537842,1,0.816360601001669,1,0.533442088091354,0.143533123028391,0.78594249201278,0.191489361702128,0.13968253968254,1,1,0.288492706645057,0.833881578947368,0.839874411302983,0.818330605564648,0.364365971107544,0.802325581395349,0.341137123745819,0.774624373956594,1,0.451876019575856,0.139303482587065,0.770358306188925,0.894230769230769,0.941558441558442,0.8208,0.508914100486224,0.49512987012987,1,1,0.770731707317073,0.495741056218058,0.120192307692308,0.531707317073171,0.512738853503185,0.755737704918033,0.138263665594855,0.129508196721311,0.14968152866242,0.778662420382166,0.522082018927445,0.52572347266881,0.480830670926518,0.735483870967742,0.537360890302067,0.15670436187399,0.116987179487179,0.358931552587646,0.985172981878089,0.306930693069307,0.649006622516556,0.124006359300477,0.131147540983607,0.149837133550489
