"","V1","V2","V3","V4","V5","V6","V7","V8","V9","V10","V11","V12","V13","V14","V15","V16","V17","V18","V19","V20","V21","V22","V23","V24","V25","V26","V27","V28","V29","V30","V31","V32","V33","V34","V35","V36","V37","V38","V39","V40","V41","V42","V43","V44","V45","V46","V47","V48","V49","V50","V51","V52","V53","V54","V55","V56","V57","V58","V59","V60","V61","V62","V63"
"1",1,0.330670926517572,0.357827476038339,0.447452229299363,0.210191082802548,0.30188679245283,0.344103392568659,0.3125,0.330733229329173,0.503134796238245,0.375816993464052,0.223454833597464,0.363924050632911,0.31104199066874,0.0676328502415459,0.306188925081433,0.0747217806041336,0.0809061488673139,0.363636363636364,0.377813504823151,0.217675941080196,0.216905901116427,0.334365325077399,0.212074303405573,0.226984126984127,0.203416149068323,0.174959871589085,0.361873990306947,0.343450479233227,0.658536585365854,0.0875796178343949,0.369734789391576,0.340836012861736,0.342313787638669,0.1968,0.310344827586207,0.310679611650485,0.3801261829653,0.342622950819672,0.995161290322581,0.261011419249592,0.0917874396135266,0.293354943273906,0.304821150855365,0.364820846905537,0.0736,0.0940988835725678,0.0741324921135647,0.325842696629214,0.303079416531605,0.294612794612795,0.315625,0.166936790923825,0.303125,0.0587301587301587,0.090032154340836,0.511254019292605,0.467889908256881,0.159442724458204,0.391233766233766,0.0815047021943574,0.0875202593192869,0.0715421303656598
"2",0.330670926517572,1,0.168576104746318,0.0192926045016077,0.852327447833066,0.00783699059561128,0.17483660130719,0.00654664484451719,0.062015503875969,0.032967032967033,0.189144736842105,0.869143780290792,0.153344208809135,0.0185758513931889,0,0.810945273631841,0.0604133545310016,0.0016,0.155844155844156,0.161449752883031,0.255775577557756,0.86038961038961,0.904907975460123,0.84984520123839,0.316957210776545,0.831775700934579,0.314785373608903,0.0859872611464968,0.16504854368932,0.040453074433657,0.00156739811912226,0.0949367088607595,0.995176848874598,0.1472,0.850406504065041,0.0111287758346582,0.0112540192926045,0.182985553772071,0.164744645799012,0.341269841269841,0.462295081967213,0,0.0114566284779051,0.0125984251968504,0.0836065573770492,0,0.00489396411092985,0.00161030595813205,0.0912052117263844,0.0129449838187702,0.0134907251264755,0.0113452188006483,0.841166936790924,0.0141732283464567,0.00161812297734628,0,0.0507364975450082,0.233281493001555,0.28169014084507,0.540192926045016,0,0,0
"3",0.357827476038339,0.168576104746318,1,0.0349761526232114,0.0568720379146919,0.00614439324116743,1,0.00165562913907285,0.302147239263804,0.0378548895899054,0.995137763371151,0.0617088607594937,1,0.0111111111111111,0,0.098705501618123,0,0,0.99837925445705,0.99673735725938,0.00165562913907285,0.053968253968254,0.114197530864198,0.0524691358024691,0.00322061191626409,0.0482866043613707,0,0.436507936507937,1,0.102728731942215,0,0.458135860979463,0.2,0.842607313195548,0.0448717948717949,0.00312989045383412,0,0.996805111821086,1,0.409090909090909,0.0453808752025932,0,0.00661157024793388,0.00309119010819165,0.44390243902439,0,0,0,0.445151033386327,0.00974025974025974,0.00169204737732657,0.00159744408945687,0.0401284109149278,0.014218009478673,0,0,0.0289855072463768,0.904984423676013,0.0015625,0.118122977346278,0,0,0
"4",0.447452229299363,0.0192926045016077,0.0349761526232114,1,0.00627943485086342,0.488299531981279,0.0360655737704918,0.5168,0.329721362229102,1,0.0323101777059774,0.00796178343949045,0.045016077170418,0.503164556962025,0.366720516962843,0.0293637846655791,0.344497607655502,0.397129186602871,0.0426929392446634,0.0470016207455429,0.413907284768212,0.00796178343949045,0.0139318885448916,0.00153374233128834,0.37239165329053,0.0169230769230769,0.275752773375594,0.263406940063092,0.0381558028616852,0.92515923566879,0.397781299524564,0.264475743348983,0.0114192495921697,0.1056,0.00637958532695375,0.478193146417445,0.501612903225806,0.0488188976377953,0.0380165289256198,0.397727272727273,0.185245901639344,0.429497568881686,0.47741935483871,0.506891271056662,0.279411764705882,0.402597402597403,0.451043338683788,0.407108239095315,0.257328990228013,0.4736,0.46843853820598,0.5328,0.0484652665589661,0.4832,0.362341772151899,0.4375,0.978653530377668,0.0633693972179289,0.290123456790123,0.146774193548387,0.417061611374408,0.407232704402516,0.382677165354331
"5",0.210191082802548,0.852327447833066,0.0568720379146919,0.00627943485086342,1,0,0.0524642289348172,0,0,0.021505376344086,0.0627009646302251,1,0.0432,0,0,0.894736842105263,0.0890625,0,0.0347551342812006,0.0526315789473684,0.300986842105263,1,0.922018348623853,1,0.400313971742543,0.975497702909648,0.407936507936508,0.00158982511923688,0.0572337042925278,0.0159489633173844,0.00471698113207547,0.00153139356814701,0.839228295819936,0.0291734197730956,1,0,0,0.0610328638497653,0.0597738287560582,0.255886970172684,0.575806451612903,0,0,0,0.0016,0,0.00156985871271586,0.00318471337579618,0,0,0,0,0.886035313001605,0,0.0031104199066874,0,0.0289389067524116,0.122324159021407,0.361280487804878,0.645468998410175,0,0,0
"6",0.30188679245283,0.00783699059561128,0.00614439324116743,0.488299531981279,0,1,0.00792393026941363,0.975,0.66973886328725,0.540958268933539,0.0032258064516129,0,0.00626959247648903,0.987692307692308,0,0,0,0.00628930817610063,0.00638977635782748,0.00635930047694754,0.00163934426229508,0,0,0,0,0,0,0.521472392638037,0.00470219435736677,0.605345911949686,0,0.48936170212766,0.0094488188976378,0.14622641509434,0,1,0.980982567353407,0.00777604976671851,0.00486223662884927,0.19047619047619,0,0.0235849056603774,1,0.990922844175492,0.502415458937198,0,0.0128617363344051,0,0.503164556962025,1,1,0.96411856474259,0,0.996884735202492,0,0.0159489633173844,0.55993690851735,0.0121951219512195,0,0,0.00614439324116743,0.00155038759689922,0
"7",0.344103392568659,0.17483660130719,1,0.0360655737704918,0.0524642289348172,0.00792393026941363,1,0.00332225913621262,0.353312302839117,0.0461783439490446,0.994957983193277,0.0516129032258065,1,0.0125588697017268,0,0.0925619834710744,0.00161290322580645,0,0.99837925445705,0.995169082125604,0.00167785234899329,0.0466237942122186,0.103174603174603,0.043010752688172,0.0032520325203252,0.0401854714064915,0.00161290322580645,0.496794871794872,1,0.108239095315024,0,0.531746031746032,0.201938610662359,0.87012987012987,0.0326797385620915,0.00475435816164818,0,0.993558776167472,1,0.38755980861244,0.042483660130719,0,0.01,0.003125,0.495098039215686,0,0,0,0.515702479338843,0.0130505709624796,0.00169491525423729,0.00161030595813205,0.0346534653465347,0.0162074554294976,0,0,0.0361247947454844,0.954616588419405,0.0015748031496063,0.109090909090909,0,0,0
"8",0.3125,0.00654664484451719,0.00165562913907285,0.5168,0,0.975,0.00332225913621262,1,0.609794628751975,0.563402889245586,0,0,0.00162337662337662,0.981042654028436,0.00821018062397373,0,0.00647249190938511,0.0131578947368421,0.00163398692810458,0.00319488817891374,0.0133111480865225,0,0,0,0.00986842105263158,0,0.00641025641025641,0.469453376205788,0.00321027287319422,0.618506493506494,0.0112540192926045,0.468454258675079,0.00644122383252818,0.117174959871589,0,0.979559748427673,1,0.00160771704180064,0,0.204878048780488,0.00328947368421053,0.0561056105610561,0.9688013136289,0.99685534591195,0.471947194719472,0.00815660685154975,0.0211382113821138,0.00649350649350649,0.469453376205788,0.967051070840198,0.979695431472081,1,0.00324675324675325,0.96656050955414,0.00801282051282051,0.0413223140495868,0.580165289256198,0.0125391849529781,0.00313479623824451,0,0.0224358974358974,0.0226171243941842,0.00641025641025641
"9",0.330733229329173,0.062015503875969,0.302147239263804,0.329721362229102,0,0.66973886328725,0.353312302839117,0.609794628751975,1,0.363067292644757,0.282747603833866,0,0.334890965732087,0.677272727272727,0,0.00955414012738853,0,0.00625,0.333858267716535,0.32755905511811,0,0,0.00754147812971342,0,0,0,0,0.921052631578947,0.333850931677019,0.435185185185185,0,0.906727828746177,0.0785824345146379,0.521060842433697,0,0.620060790273556,0.638759689922481,0.291666666666667,0.296116504854369,0.241269841269841,0,0.0188679245283019,0.686305732484076,0.656108597285068,0.952830188679245,0,0.00924499229583975,0,1,0.720634920634921,0.686495176848875,0.599071207430341,0,0.696969696969697,0,0.0096,0.375987361769352,0.319277108433735,0,0.00798722044728434,0.00309119010819165,0,0
"10",0.503134796238245,0.032967032967033,0.0378548895899054,1,0.021505376344086,0.540958268933539,0.0461783439490446,0.563402889245586,0.363067292644757,1,0.0436893203883495,0.0173501577287066,0.05625,0.549079754601227,0.287301587301587,0.0385232744783307,0.257142857142857,0.30952380952381,0.0517799352750809,0.056782334384858,0.393148450244698,0.0235478806907378,0.0259541984732824,0.0197869101978691,0.337007874015748,0.0340557275541796,0.23943661971831,0.295886075949367,0.0471698113207547,0.93968253968254,0.320493066255778,0.296636085626911,0.0314465408805031,0.120879120879121,0.0221518987341772,0.546728971962617,0.551724137931034,0.0574534161490683,0.0498392282958199,0.450236966824645,0.169628432956381,0.343499197431782,0.5424,0.558912386706949,0.296825396825397,0.313001605136437,0.3203125,0.317034700315457,0.281004709576138,0.531645569620253,0.532125205930807,0.578947368421053,0.0560747663551402,0.535493827160494,0.28328173374613,0.363057324840764,0.973015873015873,0.0806697108066971,0.257621951219512,0.151757188498403,0.335375191424196,0.321372854914197,0.300314465408805
"11",0.375816993464052,0.189144736842105,0.995137763371151,0.0323101777059774,0.0627009646302251,0.0032258064516129,0.994957983193277,0,0.282747603833866,0.0436893203883495,1,0.0706075533661741,0.99673735725938,0.00946372239747634,0,0.115894039735099,0.00164473684210526,0,1,1,0.00498338870431894,0.0600649350649351,0.130914826498423,0.0588235294117647,0.00164473684210526,0.0566037735849057,0.00327332242225859,0.443910256410256,0.996726677577741,0.111853088480801,0,0.4528,0.228995057660626,0.825581395348837,0.0506535947712418,0,0,0.99837925445705,0.996666666666667,0.404290429042904,0.0528109028960818,0,0.00168067226890756,0,0.442760942760943,0,0,0,0.4332784184514,0.00497512437810945,0,0,0.0413907284768212,0.0112359550561798,0,0,0.0266222961730449,0.914691943127962,0.00317460317460317,0.144262295081967,0,0,0
"12",0.223454833597464,0.869143780290792,0.0617088607594937,0.00796178343949045,1,0,0.0516129032258065,0,0,0.0173501577287066,0.0706075533661741,1,0.0432,0,0,0.886178861788618,0.0832,0,0.0457516339869281,0.0504065040650407,0.294807370184255,1,0.922239502332815,1,0.392063492063492,0.973354231974922,0.391025641025641,0.00157232704402516,0.0597738287560582,0.0177133655394525,0.00476947535771065,0.00156739811912226,0.851612903225806,0.025974025974026,1,0,0,0.0647249190938511,0.0578512396694215,0.263665594855305,0.556650246305419,0,0,0,0.00165289256198347,0,0.0032626427406199,0.00162866449511401,0,0,0,0,0.872131147540984,0,0.00158982511923688,0,0.0258064516129032,0.122861586314152,0.344339622641509,0.626623376623377,0,0,0
"13",0.363924050632911,0.153344208809135,1,0.045016077170418,0.0432,0.00626959247648903,1,0.00162337662337662,0.334890965732087,0.05625,0.99673735725938,0.0432,1,0.0141065830721003,0,0.0888529886914378,0.00160513643659711,0,0.998392282958199,1,0.00328407224958949,0.0380952380952381,0.0961240310077519,0.0402476780185759,0.00161290322580645,0.0279503105590062,0.00158478605388273,0.485668789808917,1,0.119617224880383,0,0.499217527386541,0.19047619047619,0.85553772070626,0.032051282051282,0.0015625,0,1,1,0.401898734177215,0.0280528052805281,0,0.00648298217179903,0.00308166409861325,0.491987179487179,0,0,0,0.480830670926518,0.00958466453674121,0.00163934426229508,0.00158227848101266,0.028436018957346,0.0110236220472441,0,0,0.0309951060358891,0.905132192846034,0.00151975683890578,0.106209150326797,0,0,0
"14",0.31104199066874,0.0185758513931889,0.0111111111111111,0.503164556962025,0,0.987692307692308,0.0125588697017268,0.981042654028436,0.677272727272727,0.549079754601227,0.00946372239747634,0,0.0141065830721003,1,0,0,0,0.00618238021638331,0.0110410094637224,0.0110062893081761,0.00483091787439614,0,0.00151515151515152,0,0.0015527950310559,0,0,0.544753086419753,0.00623052959501558,0.610591900311526,0,0.523592085235921,0.00943396226415094,0.172741679873217,0,0.990740740740741,0.979655712050078,0.0109546165884194,0.00316957210776545,0.209119496855346,0,0.0299212598425197,0.987301587301587,0.98796992481203,0.533751962323391,0,0.0141509433962264,0,0.541085271317829,0.987240829346092,0.990228013029316,0.967289719626168,0,0.986384266263237,0,0.019047619047619,0.561128526645768,0.0225225225225225,0,0,0.0075642965204236,0.0015527950310559,0
"15",0.0676328502415459,0,0,0.366720516962843,0,0,0,0.00821018062397373,0,0.287301587301587,0,0,0,0,1,0.0229885057471264,0.901929260450161,0.993431855500821,0,0,0.583473861720067,0,0.00153374233128834,0,0.517017828200972,0.0187207488299532,0.526984126984127,0,0,0.1744,0.992,0,0,0,0,0,0.00485436893203883,0,0,0.0942492012779553,0.360927152317881,0.957860615883306,0,0,0,1,0.978964401294498,1,0,0,0,0.0161290322580645,0.111111111111111,0,1,0.96742671009772,0.28341384863124,0,0.59190031152648,0.211382113821138,0.984177215189873,0.987281399046105,1
"16",0.306188925081433,0.810945273631841,0.098705501618123,0.0293637846655791,0.894736842105263,0,0.0925619834710744,0,0.00955414012738853,0.0385232744783307,0.115894039735099,0.886178861788618,0.0888529886914378,0,0.0229885057471264,1,0.126644736842105,0.0276422764227642,0.0800653594771242,0.106666666666667,0.428571428571429,0.894308943089431,0.959501557632399,0.88801261829653,0.488599348534202,0.889240506329114,0.525285481239804,0.0163398692810458,0.102605863192182,0.0321543408360129,0.0304487179487179,0.0201863354037267,0.809210526315789,0.0703764320785597,0.909090909090909,0,0,0.125816993464052,0.110378912685338,0.346341463414634,0.723228995057661,0.0228384991843393,0,0,0.0147299509001637,0.0290791599353796,0.0299003322259136,0.0323624595469256,0.0131147540983607,0,0,0,0.860197368421053,0,0.0388978930307942,0.0228013029315961,0.0486577181208054,0.152,0.468152866242038,0.881863560732113,0.0238853503184713,0.0243506493506494,0.0275526742301459
"17",0.0747217806041336,0.0604133545310016,0,0.344497607655502,0.0890625,0,0.00161290322580645,0.00647249190938511,0,0.257142857142857,0.00164473684210526,0.0832,0.00160513643659711,0,0.901929260450161,0.126644736842105,1,0.887122416534181,0.00162337662337662,0.0016025641025641,0.690515806988353,0.0819935691318328,0.0844854070660522,0.0892307692307692,0.63349131121643,0.123076923076923,0.664546899841017,0,0.00159744408945687,0.164536741214058,1,0,0.0578778135048231,0,0.0862619808306709,0,0.00321027287319422,0.00158730158730159,0.0016366612111293,0.111111111111111,0.461038961038961,0.85024154589372,0,0,0,0.90224358974359,0.875399361022364,0.903328050713154,0,0,0,0.0143540669856459,0.240710823909531,0,0.904912836767036,0.87012987012987,0.265402843601896,0.00768049155145929,0.689922480620155,0.310289389067524,0.893081761006289,0.896825396825397,0.909952606635071
"18",0.0809061488673139,0.0016,0,0.397129186602871,0,0.00628930817610063,0,0.0131578947368421,0.00625,0.30952380952381,0,0,0,0.00618238021638331,0.993431855500821,0.0276422764227642,0.887122416534181,1,0,0,0.604060913705584,0,0,0,0.511111111111111,0.0107858243451464,0.520193861066236,0.0048,0,0.200631911532385,0.980707395498392,0.00469483568075117,0.00158227848101266,0.00157977883096367,0,0.0062992125984252,0.00970873786407767,0,0,0.10223642172524,0.35632183908046,0.963022508038585,0.00654664484451719,0.00918836140888208,0.00651465798045603,0.988727858293076,0.977455716586151,0.985645933014354,0.00321027287319422,0.00635930047694754,0.00499168053244592,0.0336,0.0976,0.00469483568075117,0.987381703470032,0.973727422003284,0.318327974276527,0.0015552099533437,0.571428571428571,0.217948717948718,0.9826224328594,0.985804416403785,0.992088607594937
"19",0.363636363636364,0.155844155844156,0.99837925445705,0.0426929392446634,0.0347551342812006,0.00638977635782748,0.99837925445705,0.00163398692810458,0.333858267716535,0.0517799352750809,1,0.0457516339869281,0.998392282958199,0.0110410094637224,0,0.0800653594771242,0.00162337662337662,0,1,1,0.00330578512396694,0.0381558028616852,0.0951638065522621,0.0390015600624025,0.0062992125984252,0.0356589147286822,0,0.490353697749196,0.998381877022654,0.127035830618893,0,0.506289308176101,0.176090468497577,0.904290429042904,0.0285261489698891,0.003125,0.00159744408945687,0.995176848874598,1,0.406349206349206,0.0360065466448445,0,0.00827814569536424,0.0031496062992126,0.497495826377296,0,0,0,0.487961476725522,0.00980392156862745,0.00337268128161889,0,0.0292682926829268,0.0127591706539075,0,0,0.0408496732026144,0.910906298003072,0,0.111650485436893,0,0,0
"20",0.377813504823151,0.161449752883031,0.99673735725938,0.0470016207455429,0.0526315789473684,0.00635930047694754,0.995169082125604,0.00319488817891374,0.32755905511811,0.056782334384858,1,0.0504065040650407,1,0.0110062893081761,0,0.106666666666667,0.0016025641025641,0,1,1,0.0050251256281407,0.0422764227642276,0.1078125,0.0410742496050553,0.00495049504950495,0.0414746543778802,0.00162866449511401,0.477346278317152,0.998387096774194,0.1232,0,0.490415335463259,0.199677938808374,0.856910569105691,0.032,0.00469483568075117,0,0.998397435897436,0.996655518394649,0.417460317460317,0.0465890183028286,0,0.00829187396351575,0.00157232704402516,0.473597359735974,0,0,0,0.471910112359551,0.0116472545757072,0.00166666666666667,0.00158478605388273,0.0325732899022801,0.0143769968051118,0,0,0.0390243902439024,0.926791277258567,0.00313479623824451,0.133443163097199,0,0,0
"21",0.217675941080196,0.255775577557756,0.00165562913907285,0.413907284768212,0.300986842105263,0.00163934426229508,0.00167785234899329,0.0133111480865225,0,0.393148450244698,0.00498338870431894,0.294807370184255,0.00328407224958949,0.00483091787439614,0.583473861720067,0.428571428571429,0.690515806988353,0.604060913705584,0.00330578512396694,0.0050251256281407,1,0.32312925170068,0.308562197092084,0.311290322580645,1,0.351524879614767,1,0,0.00492610837438424,0.279534109816972,0.634710743801653,0.00162866449511401,0.204355108877722,0.00166389351081531,0.315091210613599,0.00323624595469256,0.0115321252059308,0.00662251655629139,0.00340136054421769,0.29159802306425,0.74406779661017,0.568333333333333,0.00341296928327645,0.00809061488673139,0,0.611764705882353,0.627062706270627,0.616013071895425,0,0.00166389351081531,0.00172711571675302,0.0217028380634391,0.434494195688226,0.0016366612111293,0.629324546952224,0.577302631578947,0.404436860068259,0.0306451612903226,0.916264090177134,0.640132669983416,0.605177993527508,0.590381426202322,0.605911330049261
"22",0.216905901116427,0.86038961038961,0.053968253968254,0.00796178343949045,1,0,0.0466237942122186,0,0,0.0235478806907378,0.0600649350649351,1,0.0380952380952381,0,0,0.894308943089431,0.0819935691318328,0,0.0381558028616852,0.0422764227642276,0.32312925170068,1,0.924615384615385,1,0.405844155844156,0.973886328725038,0.408517350157729,0.00158478605388273,0.0514469453376206,0.0128,0.00156494522691706,0.00158730158730159,0.851373182552504,0.0273311897106109,1,0,0,0.0581761006289308,0.0523731587561375,0.259677419354839,0.562706270627063,0,0,0,0.0016366612111293,0,0.00162074554294976,0.00324149108589951,0,0,0,0,0.891547049441786,0,0.00320512820512821,0,0.0274636510500808,0.118827160493827,0.364906832298137,0.636510500807754,0,0,0
"23",0.334365325077399,0.904907975460123,0.114197530864198,0.0139318885448916,0.922018348623853,0,0.103174603174603,0,0.00754147812971342,0.0259541984732824,0.130914826498423,0.922239502332815,0.0961240310077519,0.00151515151515152,0.00153374233128834,0.959501557632399,0.0844854070660522,0,0.0951638065522621,0.1078125,0.308562197092084,0.924615384615385,1,0.923192771084337,0.379471228615863,0.908545727136432,0.391768292682927,0.0154798761609907,0.104037267080745,0.021978021978022,0.0046875,0.0196671709531014,0.922958397534669,0.0662557781201849,0.936434108527132,0,0,0.131172839506173,0.1088,0.36875,0.568938193343899,0,0,0,0.0155763239875389,0.00314465408805031,0.00623052959501558,0.00470957613814757,0.0109204368174727,0,0,0,0.861154446177847,0.00153846153846154,0.00458715596330275,0,0.0357698289269051,0.194940476190476,0.337349397590361,0.680952380952381,0,0,0.00307692307692308
"24",0.212074303405573,0.84984520123839,0.0524691358024691,0.00153374233128834,1,0,0.043010752688172,0,0,0.0197869101978691,0.0588235294117647,1,0.0402476780185759,0,0,0.88801261829653,0.0892307692307692,0,0.0390015600624025,0.0410742496050553,0.311290322580645,1,0.923192771084337,1,0.406392694063927,0.974664679582712,0.412403100775194,0.0015220700152207,0.0497667185069984,0.0108695652173913,0.00459418070444104,0.00150375939849624,0.829721362229102,0.0264385692068429,1,0,0,0.0551301684532925,0.0537124802527646,0.254237288135593,0.574603174603175,0,0,0,0.00158227848101266,0,0,0.00305810397553517,0,0,0,0,0.880434782608696,0,0.00307692307692308,0,0.0202492211838006,0.114243323442137,0.362951807228916,0.638888888888889,0,0,0
"25",0.226984126984127,0.316957210776545,0.00322061191626409,0.37239165329053,0.400313971742543,0,0.0032520325203252,0.00986842105263158,0,0.337007874015748,0.00164473684210526,0.392063492063492,0.00161290322580645,0.0015527950310559,0.517017828200972,0.488599348534202,0.63349131121643,0.511111111111111,0.0062992125984252,0.00495049504950495,1,0.405844155844156,0.379471228615863,0.406392694063927,1,0.466353677621283,0.992,0,0.00650406504065041,0.256369426751592,0.560509554140127,0,0.279620853080569,0.00477707006369427,0.393203883495146,0.00156494522691706,0.00796178343949045,0.00637958532695375,0.00326797385620915,0.293650793650794,0.764991896272285,0.500807754442649,0.00163132137030995,0.0046875,0,0.530254777070064,0.550632911392405,0.5392,0,0.0016,0.00166944908180301,0.019047619047619,0.524959742351047,0,0.550314465408805,0.499184339314845,0.357710651828299,0.04,0.897239263803681,0.671544715447154,0.521060842433697,0.510268562401264,0.528481012658228
"26",0.203416149068323,0.831775700934579,0.0482866043613707,0.0169230769230769,0.975497702909648,0,0.0401854714064915,0,0,0.0340557275541796,0.0566037735849057,0.973354231974922,0.0279503105590062,0,0.0187207488299532,0.889240506329114,0.123076923076923,0.0107858243451464,0.0356589147286822,0.0414746543778802,0.351524879614767,0.973886328725038,0.908545727136432,0.974664679582712,0.466353677621283,1,0.462732919254658,0.00153846153846154,0.0491551459293395,0.0262751159196291,0.0230769230769231,0.00149476831091181,0.819875776397516,0.0201863354037267,0.987654320987654,0,0,0.0520673813169985,0.0479233226837061,0.253499222395023,0.608903020667727,0.015527950310559,0,0,0.0015625,0.015625,0.0203442879499218,0.0200927357032458,0,0,0,0,0.90077519379845,0,0.0216383307573416,0.0125588697017268,0.043956043956044,0.106508875739645,0.410526315789474,0.676100628930818,0.0138248847926267,0.00918836140888208,0.00768049155145929
"27",0.174959871589085,0.314785373608903,0,0.275752773375594,0.407936507936508,0,0.00161290322580645,0.00641025641025641,0,0.23943661971831,0.00327332242225859,0.391025641025641,0.00158478605388273,0,0.526984126984127,0.525285481239804,0.664546899841017,0.520193861066236,0,0.00162866449511401,1,0.408517350157729,0.391768292682927,0.412403100775194,0.992,0.462732919254658,1,0,0.0016,0.170347003154574,0.57741935483871,0.00156985871271586,0.272873194221509,0,0.415605095541401,0,0.00638977635782748,0.00319488817891374,0.00163398692810458,0.245641838351823,0.830894308943089,0.511254019292605,0,0.00155038759689922,0,0.546474358974359,0.553398058252427,0.544728434504792,0,0,0,0.0158730158730159,0.525121555915721,0,0.565768621236133,0.50487012987013,0.260096930533118,0.0321100917431193,0.972434915773354,0.743961352657005,0.530805687203792,0.514376996805112,0.545886075949367
"28",0.361873990306947,0.0859872611464968,0.436507936507937,0.263406940063092,0.00158982511923688,0.521472392638037,0.496794871794872,0.469453376205788,0.921052631578947,0.295886075949367,0.443910256410256,0.00157232704402516,0.485668789808917,0.544753086419753,0,0.0163398692810458,0,0.0048,0.490353697749196,0.477346278317152,0,0.00158478605388273,0.0154798761609907,0.0015220700152207,0,0.00153846153846154,0,1,0.4736,0.377777777777778,0,0.941267387944359,0.0990415335463259,0.631160572337043,0,0.46594427244582,0.492088607594937,0.421875,0.454983922829582,0.283018867924528,0.00329489291598023,0.0159235668789809,0.532905296950241,0.510835913312694,0.980456026058632,0,0.00477707006369427,0,0.955905511811024,0.57007874015748,0.533996683250415,0.450636942675159,0,0.544740973312402,0,0.00814332247557003,0.297906602254428,0.449010654490107,0,0.0223642172523962,0.00156494522691706,0,0
"29",0.343450479233227,0.16504854368932,1,0.0381558028616852,0.0572337042925278,0.00470219435736677,1,0.00321027287319422,0.333850931677019,0.0471698113207547,0.996726677577741,0.0597738287560582,1,0.00623052959501558,0,0.102605863192182,0.00159744408945687,0,0.998381877022654,0.998387096774194,0.00492610837438424,0.0514469453376206,0.104037267080745,0.0497667185069984,0.00650406504065041,0.0491551459293395,0.0016,0.4736,1,0.102106969205835,0,0.489891135303266,0.194489465153971,0.855784469096672,0.042654028436019,0.00462962962962963,0,0.995192307692308,1,0.382165605095541,0.0495867768595041,0,0.00803858520900321,0.00155763239875389,0.477272727272727,0,0,0,0.487138263665595,0.00810372771474878,0.00163934426229508,0.00159744408945687,0.0349206349206349,0.0125786163522013,0,0,0.0307941653160454,0.95968992248062,0.0015527950310559,0.121359223300971,0,0,0
"30",0.658536585365854,0.040453074433657,0.102728731942215,0.92515923566879,0.0159489633173844,0.605345911949686,0.108239095315024,0.618506493506494,0.435185185185185,0.93968253968254,0.111853088480801,0.0177133655394525,0.119617224880383,0.610591900311526,0.1744,0.0321543408360129,0.164536741214058,0.200631911532385,0.127035830618893,0.1232,0.279534109816972,0.0128,0.021978021978022,0.0108695652173913,0.256369426751592,0.0262751159196291,0.170347003154574,0.377777777777778,0.102106969205835,1,0.205414012738854,0.37245696400626,0.0357723577235772,0.185126582278481,0.018957345971564,0.597809076682316,0.6,0.123417721518987,0.108695652173913,0.528662420382166,0.13562091503268,0.225552050473186,0.580750407830343,0.609375,0.376012965964344,0.187702265372168,0.232258064516129,0.197092084006462,0.361290322580645,0.587378640776699,0.585365853658537,0.622792937399679,0.0275526742301459,0.59170653907496,0.163232963549921,0.227868852459016,1,0.157650695517774,0.17298937784522,0.121555915721232,0.203149606299213,0.213607594936709,0.179650238473768
"31",0.0875796178343949,0.00156739811912226,0,0.397781299524564,0.00471698113207547,0,0,0.0112540192926045,0,0.320493066255778,0,0.00476947535771065,0,0,0.992,0.0304487179487179,1,0.980707395498392,0,0,0.634710743801653,0.00156494522691706,0.0046875,0.00459418070444104,0.560509554140127,0.0230769230769231,0.57741935483871,0,0,0.205414012738854,1,0,0.00159489633173844,0,0.00316455696202532,0,0.00952380952380952,0,0,0.116613418530351,0.39413680781759,0.971107544141252,0,0,0,0.991961414790997,0.972929936305732,0.989079563182527,0,0,0,0.0203761755485893,0.0490506329113924,0,0.988976377952756,0.9808,0.313311688311688,0,0.623076923076923,0.245253164556962,0.993700787401575,0.992101105845182,0.992088607594937
"32",0.369734789391576,0.0949367088607595,0.458135860979463,0.264475743348983,0.00153139356814701,0.48936170212766,0.531746031746032,0.468454258675079,0.906727828746177,0.296636085626911,0.4528,0.00156739811912226,0.499217527386541,0.523592085235921,0,0.0201863354037267,0,0.00469483568075117,0.506289308176101,0.490415335463259,0.00162866449511401,0.00158730158730159,0.0196671709531014,0.00150375939849624,0,0.00149476831091181,0.00156985871271586,0.941267387944359,0.489891135303266,0.37245696400626,0,1,0.10031847133758,0.61609907120743,0,0.439509954058193,0.479559748427673,0.439628482972136,0.47741935483871,0.320872274143302,0.00318471337579618,0.0156739811912226,0.521103896103896,0.493846153846154,1,0,0.0062111801242236,0,0.984375,0.549050632911392,0.517298187808896,0.440494590417311,0,0.533127889060092,0,0.00952380952380952,0.29559748427673,0.496996996996997,0,0.025518341307815,0.00460122699386503,0,0
"33",0.340836012861736,0.995176848874598,0.2,0.0114192495921697,0.839228295819936,0.0094488188976378,0.201938610662359,0.00644122383252818,0.0785824345146379,0.0314465408805031,0.228995057660626,0.851612903225806,0.19047619047619,0.00943396226415094,0,0.809210526315789,0.0578778135048231,0.00158227848101266,0.176090468497577,0.199677938808374,0.204355108877722,0.851373182552504,0.922958397534669,0.829721362229102,0.279620853080569,0.819875776397516,0.272873194221509,0.0990415335463259,0.194489465153971,0.0357723577235772,0.00159489633173844,0.10031847133758,1,0.164536741214058,0.833333333333333,0.00940438871473354,0.00792393026941363,0.22258064516129,0.19344262295082,0.313408723747981,0.443163097199341,0,0.00981996726677578,0.00921658986175115,0.0928338762214984,0,0.00316957210776545,0.00158478605388273,0.104333868378812,0.0112359550561798,0.0116472545757072,0.00964630225080386,0.807570977917981,0.0124416796267496,0.0015552099533437,0,0.0405844155844156,0.263482280431433,0.244929797191888,0.533117932148627,0,0,0
"34",0.342313787638669,0.1472,0.842607313195548,0.1056,0.0291734197730956,0.14622641509434,0.87012987012987,0.117174959871589,0.521060842433697,0.120879120879121,0.825581395348837,0.025974025974026,0.85553772070626,0.172741679873217,0,0.0703764320785597,0,0.00157977883096367,0.904290429042904,0.856910569105691,0.00166389351081531,0.0273311897106109,0.0662557781201849,0.0264385692068429,0.00477707006369427,0.0201863354037267,0,0.631160572337043,0.855784469096672,0.185126582278481,0,0.61609907120743,0.164536741214058,1,0.0176282051282051,0.134165366614665,0.126829268292683,0.846031746031746,0.927750410509031,0.374193548387097,0.0229508196721311,0.00324675324675325,0.157723577235772,0.146645865834633,0.623188405797101,0,0.00157977883096367,0,0.653418124006359,0.163430420711974,0.146218487394958,0.115873015873016,0.0146341463414634,0.16025641025641,0,0.00325732899022801,0.112561174551387,0.80030959752322,0,0.0799347471451876,0,0,0
"35",0.1968,0.850406504065041,0.0448717948717949,0.00637958532695375,1,0,0.0326797385620915,0,0,0.0221518987341772,0.0506535947712418,1,0.032051282051282,0,0,0.909090909090909,0.0862619808306709,0,0.0285261489698891,0.032,0.315091210613599,1,0.936434108527132,1,0.393203883495146,0.987654320987654,0.415605095541401,0,0.042654028436019,0.018957345971564,0.00316455696202532,0,0.833333333333333,0.0176282051282051,1,0,0,0.05,0.0411184210526316,0.242088607594937,0.583061889250814,0,0,0,0,0,0,0.00318979266347687,0,0,0,0,0.890499194847021,0,0.00314465408805031,0,0.0276422764227642,0.106060606060606,0.36687306501548,0.651898734177215,0,0,0
"36",0.310344827586207,0.0111287758346582,0.00312989045383412,0.478193146417445,0,1,0.00475435816164818,0.979559748427673,0.620060790273556,0.546728971962617,0,0,0.0015625,0.990740740740741,0,0,0,0.0062992125984252,0.003125,0.00469483568075117,0.00323624595469256,0,0,0,0.00156494522691706,0,0,0.46594427244582,0.00462962962962963,0.597809076682316,0,0.439509954058193,0.00940438871473354,0.134165366614665,0,1,0.985804416403785,0.00312989045383412,0,0.200626959247649,0,0.0235109717868339,1,0.995426829268293,0.448275862068966,0,0.0123647604327666,0,0.444094488188976,1,1,0.962382445141066,0,1,0,0.0143312101910828,0.550793650793651,0.0105421686746988,0,0,0.0062015503875969,0.0015552099533437,0
"37",0.310679611650485,0.0112540192926045,0,0.501612903225806,0,0.980982567353407,0,1,0.638759689922481,0.551724137931034,0,0,0,0.979655712050078,0.00485436893203883,0,0.00321027287319422,0.00970873786407767,0.00159744408945687,0,0.0115321252059308,0,0,0,0.00796178343949045,0,0.00638977635782748,0.492088607594937,0,0.6,0.00952380952380952,0.479559748427673,0.00792393026941363,0.126829268292683,0,0.985804416403785,1,0,0,0.20032310177706,0.00332778702163062,0.046474358974359,0.975922953451043,1,0.493527508090615,0.00484652665589661,0.0239234449760766,0.0048,0.498381877022654,0.972491909385113,0.98202614379085,0.990353697749196,0.00321543408360129,0.971830985915493,0.00480769230769231,0.0383386581469649,0.574468085106383,0.00914634146341463,0.00308641975308642,0,0.0203125,0.0142405063291139,0.00637958532695375
"38",0.3801261829653,0.182985553772071,0.996805111821086,0.0488188976377953,0.0610328638497653,0.00777604976671851,0.993558776167472,0.00160771704180064,0.291666666666667,0.0574534161490683,0.99837925445705,0.0647249190938511,1,0.0109546165884194,0,0.125816993464052,0.00158730158730159,0,0.995176848874598,0.998397435897436,0.00662251655629139,0.0581761006289308,0.131172839506173,0.0551301684532925,0.00637958532695375,0.0520673813169985,0.00319488817891374,0.421875,0.995192307692308,0.123417721518987,0,0.439628482972136,0.22258064516129,0.846031746031746,0.05,0.00312989045383412,0,1,0.99505766062603,0.416267942583732,0.0480132450331126,0,0.00807754442649435,0.00304878048780488,0.430645161290323,0,0,0,0.438095238095238,0.0111642743221691,0.00163398692810458,0.00158478605388273,0.0431309904153355,0.0156494522691706,0,0,0.0337078651685393,0.914373088685015,0.00460829493087558,0.144927536231884,0,0,0
"39",0.342622950819672,0.164744645799012,1,0.0380165289256198,0.0597738287560582,0.00486223662884927,1,0,0.296116504854369,0.0498392282958199,0.996666666666667,0.0578512396694215,1,0.00316957210776545,0,0.110378912685338,0.0016366612111293,0,1,0.996655518394649,0.00340136054421769,0.0523731587561375,0.1088,0.0537124802527646,0.00326797385620915,0.0479233226837061,0.00163398692810458,0.454983922829582,1,0.108695652173913,0,0.47741935483871,0.19344262295082,0.927750410509031,0.0411184210526316,0,0,0.99505766062603,1,0.393739703459638,0.0457627118644068,0,0.00333889816360601,0,0.456053067993366,0,0,0,0.451400329489292,0.00662251655629139,0.00171821305841924,0,0.0411184210526316,0.00813008130081301,0,0,0.033003300330033,0.9088,0.0016025641025641,0.128289473684211,0,0,0
"40",0.995161290322581,0.341269841269841,0.409090909090909,0.397727272727273,0.255886970172684,0.19047619047619,0.38755980861244,0.204878048780488,0.241269841269841,0.450236966824645,0.404290429042904,0.263665594855305,0.401898734177215,0.209119496855346,0.0942492012779553,0.346341463414634,0.111111111111111,0.10223642172524,0.406349206349206,0.417460317460317,0.29159802306425,0.259677419354839,0.36875,0.254237288135593,0.293650793650794,0.253499222395023,0.245641838351823,0.283018867924528,0.382165605095541,0.528662420382166,0.116613418530351,0.320872274143302,0.313408723747981,0.374193548387097,0.242088607594937,0.200626959247649,0.20032310177706,0.416267942583732,0.393739703459638,1,0.296900489396411,0.106451612903226,0.196428571428571,0.196875,0.304065040650407,0.103225806451613,0.124193548387097,0.10702875399361,0.271268057784912,0.182266009852217,0.182866556836903,0.208333333333333,0.213938411669368,0.204368174726989,0.0965189873417722,0.115635179153094,0.431340872374798,0.524390243902439,0.212962962962963,0.465266558966074,0.106518282988871,0.117088607594937,0.0923566878980892
"41",0.261011419249592,0.462295081967213,0.0453808752025932,0.185245901639344,0.575806451612903,0,0.042483660130719,0.00328947368421053,0,0.169628432956381,0.0528109028960818,0.556650246305419,0.0280528052805281,0,0.360927152317881,0.723228995057661,0.461038961038961,0.35632183908046,0.0360065466448445,0.0465890183028286,0.74406779661017,0.562706270627063,0.568938193343899,0.574603174603175,0.764991896272285,0.608903020667727,0.830894308943089,0.00329489291598023,0.0495867768595041,0.13562091503268,0.39413680781759,0.00318471337579618,0.443163097199341,0.0229508196721311,0.583061889250814,0,0.00332778702163062,0.0480132450331126,0.0457627118644068,0.296900489396411,1,0.360790774299835,0,0,0.00165837479270315,0.369127516778524,0.380952380952381,0.39607201309329,0.00164203612479475,0,0,0.00495049504950495,0.580858085808581,0,0.40194489465154,0.350328947368421,0.198664440734558,0.0833333333333333,0.826224328593997,0.978723404255319,0.337748344370861,0.34747145187602,0.362295081967213
"42",0.0917874396135266,0,0,0.429497568881686,0,0.0235849056603774,0,0.0561056105610561,0.0188679245283019,0.343499197431782,0,0,0,0.0299212598425197,0.957860615883306,0.0228384991843393,0.85024154589372,0.963022508038585,0,0,0.568333333333333,0,0,0,0.500807754442649,0.015527950310559,0.511254019292605,0.0159235668789809,0,0.225552050473186,0.971107544141252,0.0156739811912226,0,0.00324675324675325,0,0.0235109717868339,0.046474358974359,0,0,0.106451612903226,0.360790774299835,1,0.0263157894736842,0.0327102803738318,0.0165289256198347,0.953376205787781,0.939542483660131,0.947452229299363,0.0114566284779051,0.024232633279483,0.0247933884297521,0.0759289176090469,0.0949263502454992,0.023961661341853,0.943639291465378,1,0.34584013050571,0,0.553291536050157,0.222940226171244,0.995176848874598,0.993579454253612,0.960815047021944
"43",0.293354943273906,0.0114566284779051,0.00661157024793388,0.47741935483871,0,1,0.01,0.9688013136289,0.686305732484076,0.5424,0.00168067226890756,0,0.00648298217179903,0.987301587301587,0,0,0,0.00654664484451719,0.00827814569536424,0.00829187396351575,0.00341296928327645,0,0,0,0.00163132137030995,0,0,0.532905296950241,0.00803858520900321,0.580750407830343,0,0.521103896103896,0.00981996726677578,0.157723577235772,0,1,0.975922953451043,0.00807754442649435,0.00333889816360601,0.196428571428571,0,0.0263157894736842,1,0.990461049284579,0.533333333333333,0,0.00654664484451719,0,0.530477759472817,1,1,0.953376205787781,0,0.995184590690209,0,0.016750418760469,0.554276315789474,0.0126984126984127,0,0,0.00638977635782748,0.0016260162601626,0
"44",0.304821150855365,0.0125984251968504,0.00309119010819165,0.506891271056662,0,0.990922844175492,0.003125,0.99685534591195,0.656108597285068,0.558912386706949,0,0,0.00308166409861325,0.98796992481203,0,0,0,0.00918836140888208,0.0031496062992126,0.00157232704402516,0.00809061488673139,0,0,0,0.0046875,0,0.00155038759689922,0.510835913312694,0.00155763239875389,0.609375,0,0.493846153846154,0.00921658986175115,0.146645865834633,0,0.995426829268293,1,0.00304878048780488,0,0.196875,0,0.0327102803738318,0.990461049284579,1,0.512618296529968,0,0.0108695652173913,0,0.505460218408736,0.990595611285266,0.995137763371151,0.986046511627907,0,0.986238532110092,0,0.0241545893719807,0.566929133858268,0.0119047619047619,0,0,0.00918836140888208,0.00615384615384615,0
"45",0.364820846905537,0.0836065573770492,0.44390243902439,0.279411764705882,0.0016,0.502415458937198,0.495098039215686,0.471947194719472,0.952830188679245,0.296825396825397,0.442760942760943,0.00165289256198347,0.491987179487179,0.533751962323391,0,0.0147299509001637,0,0.00651465798045603,0.497495826377296,0.473597359735974,0,0.0016366612111293,0.0155763239875389,0.00158227848101266,0,0.0015625,0,0.980456026058632,0.477272727272727,0.376012965964344,0,1,0.0928338762214984,0.623188405797101,0,0.448275862068966,0.493527508090615,0.430645161290323,0.456053067993366,0.304065040650407,0.00165837479270315,0.0165289256198347,0.533333333333333,0.512618296529968,1,0,0.00809061488673139,0,0.996742671009772,0.555374592833876,0.535714285714286,0.442244224422442,0,0.548895899053628,0,0.00656814449917898,0.310855263157895,0.469673405909798,0,0.0166389351081531,0.00161290322580645,0,0
"46",0.0736,0,0,0.402597402597403,0,0,0,0.00815660685154975,0,0.313001605136437,0,0,0,0,1,0.0290791599353796,0.90224358974359,0.988727858293076,0,0,0.611764705882353,0,0.00314465408805031,0,0.530254777070064,0.015625,0.546474358974359,0,0,0.187702265372168,0.991961414790997,0,0,0,0,0,0.00484652665589661,0,0,0.103225806451613,0.369127516778524,0.953376205787781,0,0,0,1,0.975688816855754,0.996830427892235,0,0,0,0.0207667731629393,0.107717041800643,0,0.996784565916399,0.963815789473684,0.304347826086957,0,0.593167701863354,0.207395498392283,0.987421383647799,0.987158908507223,1
